mosaic_id,parent_image_path,sample_id,split,camera,n_tiles_available,n_cells_filled_by_repeat,tile_paths
00461a3b787a,data/training_down/H372/Samsung_A52_H372_01.png,H372,train,Samsung A52,15,0,data/tiles/train/H372/H372__Samsung_A52_H372_01__x111_y202__t256.png ; data/tiles/train/H372/H372__Samsung_A52_H372_01__x1135_y202__t256.png ; data/tiles/train/H372/H372__Samsung_A52_H372_01__x367_y202__t256.png ; data/tiles/train/H372/H372__Samsung_A52_H372_01__x367_y714__t256.png ; data/tiles/train/H372/H372__Samsung_A52_H372_01__x623_y714__t256.png ; data/tiles/train/H372/H372__Samsung_A52_H372_01__x879_y714__t256.png
02e02ed479fb,data/training_down/H038/Samsung_A52_H038_02.png,H038,train,Samsung A52,15,0,data/tiles/train/H038/H038__Samsung_A52_H038_02__x1137_y184__t256.png ; data/tiles/train/H038/H038__Samsung_A52_H038_02__x113_y184__t256.png ; data/tiles/train/H038/H038__Samsung_A52_H038_02__x369_y184__t256.png ; data/tiles/train/H038/H038__Samsung_A52_H038_02__x369_y696__t256.png ; data/tiles/train/H038/H038__Samsung_A52_H038_02__x625_y696__t256.png ; data/tiles/train/H038/H038__Samsung_A52_H038_02__x881_y696__t256.png
04d77aa0f639,data/training_down/H668/Samsung_A52_H668_04.png,H668,train,Samsung A52,15,0,data/tiles/train/H668/H668__Samsung_A52_H668_04__x1121_y196__t256.png ; data/tiles/train/H668/H668__Samsung_A52_H668_04__x353_y196__t256.png ; data/tiles/train/H668/H668__Samsung_A52_H668_04__x609_y196__t256.png ; data/tiles/train/H668/H668__Samsung_A52_H668_04__x609_y708__t256.png ; data/tiles/train/H668/H668__Samsung_A52_H668_04__x865_y708__t256.png ; data/tiles/train/H668/H668__Samsung_A52_H668_04__x97_y708__t256.png
07a3acfd6b8a,data/training_down/H666/Samsung_A52_H666_01.png,H666,train,Samsung A52,15,0,data/tiles/train/H666/H666__Samsung_A52_H666_01__x1110_y227__t256.png ; data/tiles/train/H666/H666__Samsung_A52_H666_01__x342_y227__t256.png ; data/tiles/train/H666/H666__Samsung_A52_H666_01__x598_y227__t256.png ; data/tiles/train/H666/H666__Samsung_A52_H666_01__x598_y739__t256.png ; data/tiles/train/H666/H666__Samsung_A52_H666_01__x854_y739__t256.png ; data/tiles/train/H666/H666__Samsung_A52_H666_01__x86_y739__t256.png
0890be35fbfe,data/training_down/H668/Samsung_A52_H668_03.png,H668,train,Samsung A52,15,0,data/tiles/train/H668/H668__Samsung_A52_H668_03__x1099_y199__t256.png ; data/tiles/train/H668/H668__Samsung_A52_H668_03__x331_y199__t256.png ; data/tiles/train/H668/H668__Samsung_A52_H668_03__x587_y199__t256.png ; data/tiles/train/H668/H668__Samsung_A52_H668_03__x587_y711__t256.png ; data/tiles/train/H668/H668__Samsung_A52_H668_03__x75_y711__t256.png ; data/tiles/train/H668/H668__Samsung_A52_H668_03__x843_y711__t256.png
0a3483d717b0,data/testing_down/Testfeld_Lidl_WHV/iPhone14_HPC_Testfeld Lidl WHV (1).png,Testfeld Lidl WHV,test,iPhone 14,12,0,data/tiles/test/Testfeld_Lidl_WHV/Testfeld_Lidl_WHV__iPhone14_HPC_Testfeld Lidl WHV (1)__x26_y308__t256.png ; data/tiles/test/Testfeld_Lidl_WHV/Testfeld_Lidl_WHV__iPhone14_HPC_Testfeld Lidl WHV (1)__x26_y564__t256.png ; data/tiles/test/Testfeld_Lidl_WHV/Testfeld_Lidl_WHV__iPhone14_HPC_Testfeld Lidl WHV (1)__x282_y52__t256.png ; data/tiles/test/Testfeld_Lidl_WHV/Testfeld_Lidl_WHV__iPhone14_HPC_Testfeld Lidl WHV (1)__x538_y52__t256.png ; data/tiles/test/Testfeld_Lidl_WHV/Testfeld_Lidl_WHV__iPhone14_HPC_Testfeld Lidl WHV (1)__x794_y308__t256.png ; data/tiles/test/Testfeld_Lidl_WHV/Testfeld_Lidl_WHV__iPhone14_HPC_Testfeld Lidl WHV (1)__x794_y564__t256.png
0d1ea3292bfb,data/training_down/H371/Samsung_A52_H371_03.png,H371,train,Samsung A52,15,0,data/tiles/train/H371/H371__Samsung_A52_H371_03__x1105_y183__t256.png ; data/tiles/train/H371/H371__Samsung_A52_H371_03__x337_y183__t256.png ; data/tiles/train/H371/H371__Samsung_A52_H371_03__x593_y183__t256.png ; data/tiles/train/H371/H371__Samsung_A52_H371_03__x593_y695__t256.png ; data/tiles/train/H371/H371__Samsung_A52_H371_03__x81_y695__t256.png ; data/tiles/train/H371/H371__Samsung_A52_H371_03__x849_y695__t256.png
0e4f8c252c45,data/training_down/H615/Samsung_A52_H615_03.png,H615,train,Samsung A52,15,0,data/tiles/train/H615/H615__Samsung_A52_H615_03__x1083_y199__t256.png ; data/tiles/train/H615/H615__Samsung_A52_H615_03__x315_y199__t256.png ; data/tiles/train/H615/H615__Samsung_A52_H615_03__x571_y199__t256.png ; data/tiles/train/H615/H615__Samsung_A52_H615_03__x571_y711__t256.png ; data/tiles/train/H615/H615__Samsung_A52_H615_03__x59_y711__t256.png ; data/tiles/train/H615/H615__Samsung_A52_H615_03__x827_y711__t256.png
107b6815a503,data/training_down/H516/Motorola_Edge_H516_03.png,H516,train,Motorola Edge,10,0,data/tiles/train/H516/H516__Motorola_Edge_H516_03__x1064_y18__t256.png ; data/tiles/train/H516/H516__Motorola_Edge_H516_03__x296_y18__t256.png ; data/tiles/train/H516/H516__Motorola_Edge_H516_03__x40_y18__t256.png ; data/tiles/train/H516/H516__Motorola_Edge_H516_03__x40_y274__t256.png ; data/tiles/train/H516/H516__Motorola_Edge_H516_03__x552_y274__t256.png ; data/tiles/train/H516/H516__Motorola_Edge_H516_03__x808_y274__t256.png
11d1b6d8cbc5,data/training_down/H549/Motorola_Edge_H549_02.png,H549,train,Motorola Edge,10,0,data/tiles/train/H549/H549__Motorola_Edge_H549_02__x1061_y14__t256.png ; data/tiles/train/H549/H549__Motorola_Edge_H549_02__x293_y14__t256.png ; data/tiles/train/H549/H549__Motorola_Edge_H549_02__x37_y14__t256.png ; data/tiles/train/H549/H549__Motorola_Edge_H549_02__x37_y270__t256.png ; data/tiles/train/H549/H549__Motorola_Edge_H549_02__x549_y270__t256.png ; data/tiles/train/H549/H549__Motorola_Edge_H549_02__x805_y270__t256.png
12585464ced4,data/testing_down/Kleinkummerfeld_9_4/iPhone16_HPC_Kleinkummerfeld 9-4 (3).png,Kleinkummerfeld 9-4,test,iPhone 16,12,0,data/tiles/test/Kleinkummerfeld_9_4/Kleinkummerfeld_9_4__iPhone16_HPC_Kleinkummerfeld 9-4 (3)__x284_y314__t256.png ; data/tiles/test/Kleinkummerfeld_9_4/Kleinkummerfeld_9_4__iPhone16_HPC_Kleinkummerfeld 9-4 (3)__x284_y58__t256.png ; data/tiles/test/Kleinkummerfeld_9_4/Kleinkummerfeld_9_4__iPhone16_HPC_Kleinkummerfeld 9-4 (3)__x28_y570__t256.png ; data/tiles/test/Kleinkummerfeld_9_4/Kleinkummerfeld_9_4__iPhone16_HPC_Kleinkummerfeld 9-4 (3)__x540_y570__t256.png ; data/tiles/test/Kleinkummerfeld_9_4/Kleinkummerfeld_9_4__iPhone16_HPC_Kleinkummerfeld 9-4 (3)__x796_y314__t256.png ; data/tiles/test/Kleinkummerfeld_9_4/Kleinkummerfeld_9_4__iPhone16_HPC_Kleinkummerfeld 9-4 (3)__x796_y58__t256.png
13463498b68c,data/testing_down/Audorfring/iPhone14_HPC_Audorfring (1).png,Audorfring,test,iPhone 14,12,0,data/tiles/test/Audorfring/Audorfring__iPhone14_HPC_Audorfring (1)__x285_y26__t256.png ; data/tiles/test/Audorfring/Audorfring__iPhone14_HPC_Audorfring (1)__x285_y538__t256.png ; data/tiles/test/Audorfring/Audorfring__iPhone14_HPC_Audorfring (1)__x29_y282__t256.png ; data/tiles/test/Audorfring/Audorfring__iPhone14_HPC_Audorfring (1)__x541_y282__t256.png ; data/tiles/test/Audorfring/Audorfring__iPhone14_HPC_Audorfring (1)__x797_y26__t256.png ; data/tiles/test/Audorfring/Audorfring__iPhone14_HPC_Audorfring (1)__x797_y538__t256.png
143161ecd0a8,data/testing_down/Audorfring/iPhone14_HPC_Audorfring (5).png,Audorfring,test,iPhone 14,12,0,data/tiles/test/Audorfring/Audorfring__iPhone14_HPC_Audorfring (5)__x285_y286__t256.png ; data/tiles/test/Audorfring/Audorfring__iPhone14_HPC_Audorfring (5)__x285_y542__t256.png ; data/tiles/test/Audorfring/Audorfring__iPhone14_HPC_Audorfring (5)__x29_y30__t256.png ; data/tiles/test/Audorfring/Audorfring__iPhone14_HPC_Audorfring (5)__x541_y30__t256.png ; data/tiles/test/Audorfring/Audorfring__iPhone14_HPC_Audorfring (5)__x797_y286__t256.png ; data/tiles/test/Audorfring/Audorfring__iPhone14_HPC_Audorfring (5)__x797_y542__t256.png
14345e4779b2,data/training_down/H038/Samsung_A52_H038_03.png,H038,train,Samsung A52,15,0,data/tiles/train/H038/H038__Samsung_A52_H038_03__x1138_y215__t256.png ; data/tiles/train/H038/H038__Samsung_A52_H038_03__x114_y215__t256.png ; data/tiles/train/H038/H038__Samsung_A52_H038_03__x370_y215__t256.png ; data/tiles/train/H038/H038__Samsung_A52_H038_03__x370_y727__t256.png ; data/tiles/train/H038/H038__Samsung_A52_H038_03__x626_y727__t256.png ; data/tiles/train/H038/H038__Samsung_A52_H038_03__x882_y727__t256.png
157e1392b3e8,data/training_down/H666/Motorola_Edge_H666_01.png,H666,train,Motorola Edge,10,0,data/tiles/train/H666/H666__Motorola_Edge_H666_01__x1060_y15__t256.png ; data/tiles/train/H666/H666__Motorola_Edge_H666_01__x292_y15__t256.png ; data/tiles/train/H666/H666__Motorola_Edge_H666_01__x36_y15__t256.png ; data/tiles/train/H666/H666__Motorola_Edge_H666_01__x36_y271__t256.png ; data/tiles/train/H666/H666__Motorola_Edge_H666_01__x548_y271__t256.png ; data/tiles/train/H666/H666__Motorola_Edge_H666_01__x804_y271__t256.png
18411c3991e2,data/training_down/H405/Samsung_A52_H405_01.png,H405,train,Samsung A52,15,0,data/tiles/train/H405/H405__Samsung_A52_H405_01__x1152_y216__t256.png ; data/tiles/train/H405/H405__Samsung_A52_H405_01__x128_y216__t256.png ; data/tiles/train/H405/H405__Samsung_A52_H405_01__x384_y216__t256.png ; data/tiles/train/H405/H405__Samsung_A52_H405_01__x384_y728__t256.png ; data/tiles/train/H405/H405__Samsung_A52_H405_01__x640_y728__t256.png ; data/tiles/train/H405/H405__Samsung_A52_H405_01__x896_y728__t256.png
19fb5fb24bd8,data/training_down/H616/Samsung_A52_H616_02.png,H616,train,Samsung A52,15,0,data/tiles/train/H616/H616__Samsung_A52_H616_02__x1106_y200__t256.png ; data/tiles/train/H616/H616__Samsung_A52_H616_02__x338_y200__t256.png ; data/tiles/train/H616/H616__Samsung_A52_H616_02__x594_y200__t256.png ; data/tiles/train/H616/H616__Samsung_A52_H616_02__x594_y712__t256.png ; data/tiles/train/H616/H616__Samsung_A52_H616_02__x82_y712__t256.png ; data/tiles/train/H616/H616__Samsung_A52_H616_02__x850_y712__t256.png
1acbaeddc202,data/training_down/H183/Motorola_Edge_H183_01.png,H183,train,Motorola Edge,10,0,data/tiles/train/H183/H183__Motorola_Edge_H183_01__x1064_y19__t256.png ; data/tiles/train/H183/H183__Motorola_Edge_H183_01__x296_y19__t256.png ; data/tiles/train/H183/H183__Motorola_Edge_H183_01__x40_y19__t256.png ; data/tiles/train/H183/H183__Motorola_Edge_H183_01__x40_y275__t256.png ; data/tiles/train/H183/H183__Motorola_Edge_H183_01__x552_y275__t256.png ; data/tiles/train/H183/H183__Motorola_Edge_H183_01__x808_y275__t256.png
1ff774dcc60f,data/training_down/H037/Motorola_Edge_H037_03.png,H037,train,Motorola Edge,10,0,data/tiles/train/H037/H037__Motorola_Edge_H037_03__x110_y15__t256.png ; data/tiles/train/H037/H037__Motorola_Edge_H037_03__x1134_y15__t256.png ; data/tiles/train/H037/H037__Motorola_Edge_H037_03__x366_y15__t256.png ; data/tiles/train/H037/H037__Motorola_Edge_H037_03__x366_y271__t256.png ; data/tiles/train/H037/H037__Motorola_Edge_H037_03__x622_y271__t256.png ; data/tiles/train/H037/H037__Motorola_Edge_H037_03__x878_y271__t256.png
20dfd1caefd2,data/training_down/H181/Motorola_Edge_H181_02.png,H181,train,Motorola Edge,10,0,data/tiles/train/H181/H181__Motorola_Edge_H181_02__x1060_y21__t256.png ; data/tiles/train/H181/H181__Motorola_Edge_H181_02__x292_y21__t256.png ; data/tiles/train/H181/H181__Motorola_Edge_H181_02__x36_y21__t256.png ; data/tiles/train/H181/H181__Motorola_Edge_H181_02__x36_y277__t256.png ; data/tiles/train/H181/H181__Motorola_Edge_H181_02__x548_y277__t256.png ; data/tiles/train/H181/H181__Motorola_Edge_H181_02__x804_y277__t256.png
21d8f6421bb7,data/training_down/F827/Samsung_A52_F827_03.png,F827,train,Samsung A52,15,0,data/tiles/train/F827/F827__Samsung_A52_F827_03__x1166_y163__t256.png ; data/tiles/train/F827/F827__Samsung_A52_F827_03__x142_y163__t256.png ; data/tiles/train/F827/F827__Samsung_A52_F827_03__x398_y163__t256.png ; data/tiles/train/F827/F827__Samsung_A52_F827_03__x398_y675__t256.png ; data/tiles/train/F827/F827__Samsung_A52_F827_03__x654_y675__t256.png ; data/tiles/train/F827/F827__Samsung_A52_F827_03__x910_y675__t256.png
22a7d1fd1c73,"data/testing_down/Muenster_BS6_9_0_10m/iPhone14_HPC_Münster_BS6_9,0-10m (1).png","Münster_BS6_9,0-10m",test,iPhone 14,9,0,"data/tiles/test/Muenster_BS6_9_0_10m/Muenster_BS6_9_0_10m__iPhone14_HPC_Münster_BS6_9,0-10m (1)__x0_y0__t256.png ; data/tiles/test/Muenster_BS6_9_0_10m/Muenster_BS6_9_0_10m__iPhone14_HPC_Münster_BS6_9,0-10m (1)__x0_y512__t256.png ; data/tiles/test/Muenster_BS6_9_0_10m/Muenster_BS6_9_0_10m__iPhone14_HPC_Münster_BS6_9,0-10m (1)__x1024_y512__t256.png ; data/tiles/test/Muenster_BS6_9_0_10m/Muenster_BS6_9_0_10m__iPhone14_HPC_Münster_BS6_9,0-10m (1)__x256_y512__t256.png ; data/tiles/test/Muenster_BS6_9_0_10m/Muenster_BS6_9_0_10m__iPhone14_HPC_Münster_BS6_9,0-10m (1)__x512_y256__t256.png ; data/tiles/test/Muenster_BS6_9_0_10m/Muenster_BS6_9_0_10m__iPhone14_HPC_Münster_BS6_9,0-10m (1)__x768_y512__t256.png"
25baaadab5fb,data/training_down/H037/Samsung_A52_H037_01.png,H037,train,Samsung A52,15,0,data/tiles/train/H037/H037__Samsung_A52_H037_01__x1093_y202__t256.png ; data/tiles/train/H037/H037__Samsung_A52_H037_01__x325_y202__t256.png ; data/tiles/train/H037/H037__Samsung_A52_H037_01__x581_y202__t256.png ; data/tiles/train/H037/H037__Samsung_A52_H037_01__x581_y714__t256.png ; data/tiles/train/H037/H037__Samsung_A52_H037_01__x69_y714__t256.png ; data/tiles/train/H037/H037__Samsung_A52_H037_01__x837_y714__t256.png
277ed49ee465,data/training_down/H615/Samsung_A52_H615_02.png,H615,train,Samsung A52,15,0,data/tiles/train/H615/H615__Samsung_A52_H615_02__x1111_y198__t256.png ; data/tiles/train/H615/H615__Samsung_A52_H615_02__x343_y198__t256.png ; data/tiles/train/H615/H615__Samsung_A52_H615_02__x599_y198__t256.png ; data/tiles/train/H615/H615__Samsung_A52_H615_02__x599_y710__t256.png ; data/tiles/train/H615/H615__Samsung_A52_H615_02__x855_y710__t256.png ; data/tiles/train/H615/H615__Samsung_A52_H615_02__x87_y710__t256.png
29e5b690f5bd,data/training_down/H372/Motorola_Edge_H372_04.png,H372,train,Motorola Edge,10,0,data/tiles/train/H372/H372__Motorola_Edge_H372_04__x1062_y17__t256.png ; data/tiles/train/H372/H372__Motorola_Edge_H372_04__x294_y17__t256.png ; data/tiles/train/H372/H372__Motorola_Edge_H372_04__x38_y17__t256.png ; data/tiles/train/H372/H372__Motorola_Edge_H372_04__x38_y273__t256.png ; data/tiles/train/H372/H372__Motorola_Edge_H372_04__x550_y273__t256.png ; data/tiles/train/H372/H372__Motorola_Edge_H372_04__x806_y273__t256.png
2b5b0395bfac,data/training_down/H126/Motorola_Edge_H126_02.png,H126,train,Motorola Edge,10,0,data/tiles/train/H126/H126__Motorola_Edge_H126_02__x1060_y15__t256.png ; data/tiles/train/H126/H126__Motorola_Edge_H126_02__x292_y15__t256.png ; data/tiles/train/H126/H126__Motorola_Edge_H126_02__x36_y15__t256.png ; data/tiles/train/H126/H126__Motorola_Edge_H126_02__x36_y271__t256.png ; data/tiles/train/H126/H126__Motorola_Edge_H126_02__x548_y271__t256.png ; data/tiles/train/H126/H126__Motorola_Edge_H126_02__x804_y271__t256.png
2c26ac525877,data/training_down/H181/Motorola_Edge_H181_03.png,H181,train,Motorola Edge,10,0,data/tiles/train/H181/H181__Motorola_Edge_H181_03__x1141_y16__t256.png ; data/tiles/train/H181/H181__Motorola_Edge_H181_03__x117_y16__t256.png ; data/tiles/train/H181/H181__Motorola_Edge_H181_03__x373_y16__t256.png ; data/tiles/train/H181/H181__Motorola_Edge_H181_03__x373_y272__t256.png ; data/tiles/train/H181/H181__Motorola_Edge_H181_03__x629_y272__t256.png ; data/tiles/train/H181/H181__Motorola_Edge_H181_03__x885_y272__t256.png
2de4a3107870,data/training_down/H038/Samsung_A52_H038_01.png,H038,train,Samsung A52,15,0,data/tiles/train/H038/H038__Samsung_A52_H038_01__x1112_y210__t256.png ; data/tiles/train/H038/H038__Samsung_A52_H038_01__x344_y210__t256.png ; data/tiles/train/H038/H038__Samsung_A52_H038_01__x600_y210__t256.png ; data/tiles/train/H038/H038__Samsung_A52_H038_01__x600_y722__t256.png ; data/tiles/train/H038/H038__Samsung_A52_H038_01__x856_y722__t256.png ; data/tiles/train/H038/H038__Samsung_A52_H038_01__x88_y722__t256.png
30426164e6dd,data/training_down/H617/Samsung_A52_H617_02.png,H617,train,Samsung A52,15,0,data/tiles/train/H617/H617__Samsung_A52_H617_02__x1092_y204__t256.png ; data/tiles/train/H617/H617__Samsung_A52_H617_02__x324_y204__t256.png ; data/tiles/train/H617/H617__Samsung_A52_H617_02__x580_y204__t256.png ; data/tiles/train/H617/H617__Samsung_A52_H617_02__x580_y716__t256.png ; data/tiles/train/H617/H617__Samsung_A52_H617_02__x68_y716__t256.png ; data/tiles/train/H617/H617__Samsung_A52_H617_02__x836_y716__t256.png
35cc08577ff1,data/testing_down/Airbus_BS6_3/iPhone16_HPC_Airbus BS6-3 (3).png,Airbus BS6-3,test,iPhone 16,12,0,data/tiles/test/Airbus_BS6_3/Airbus_BS6_3__iPhone16_HPC_Airbus BS6-3 (3)__x27_y300__t256.png ; data/tiles/test/Airbus_BS6_3/Airbus_BS6_3__iPhone16_HPC_Airbus BS6-3 (3)__x27_y556__t256.png ; data/tiles/test/Airbus_BS6_3/Airbus_BS6_3__iPhone16_HPC_Airbus BS6-3 (3)__x283_y44__t256.png ; data/tiles/test/Airbus_BS6_3/Airbus_BS6_3__iPhone16_HPC_Airbus BS6-3 (3)__x539_y44__t256.png ; data/tiles/test/Airbus_BS6_3/Airbus_BS6_3__iPhone16_HPC_Airbus BS6-3 (3)__x795_y300__t256.png ; data/tiles/test/Airbus_BS6_3/Airbus_BS6_3__iPhone16_HPC_Airbus BS6-3 (3)__x795_y556__t256.png
3b110fe878f9,data/training_down/H037/Samsung_A52_H037_02.png,H037,train,Samsung A52,15,0,data/tiles/train/H037/H037__Samsung_A52_H037_02__x1103_y199__t256.png ; data/tiles/train/H037/H037__Samsung_A52_H037_02__x335_y199__t256.png ; data/tiles/train/H037/H037__Samsung_A52_H037_02__x591_y199__t256.png ; data/tiles/train/H037/H037__Samsung_A52_H037_02__x591_y711__t256.png ; data/tiles/train/H037/H037__Samsung_A52_H037_02__x79_y711__t256.png ; data/tiles/train/H037/H037__Samsung_A52_H037_02__x847_y711__t256.png
3e09666f6cc9,data/training_down/H666/Motorola_Edge_H666_02.png,H666,train,Motorola Edge,10,0,data/tiles/train/H666/H666__Motorola_Edge_H666_02__x1061_y15__t256.png ; data/tiles/train/H666/H666__Motorola_Edge_H666_02__x293_y15__t256.png ; data/tiles/train/H666/H666__Motorola_Edge_H666_02__x37_y15__t256.png ; data/tiles/train/H666/H666__Motorola_Edge_H666_02__x37_y271__t256.png ; data/tiles/train/H666/H666__Motorola_Edge_H666_02__x549_y271__t256.png ; data/tiles/train/H666/H666__Motorola_Edge_H666_02__x805_y271__t256.png
3e2eeb1c4eb8,data/training_down/G190/Motorola_Edge_G190_02.png,G190,train,Motorola Edge,10,0,data/tiles/train/G190/G190__Motorola_Edge_G190_02__x1157_y15__t256.png ; data/tiles/train/G190/G190__Motorola_Edge_G190_02__x133_y15__t256.png ; data/tiles/train/G190/G190__Motorola_Edge_G190_02__x389_y15__t256.png ; data/tiles/train/G190/G190__Motorola_Edge_G190_02__x389_y271__t256.png ; data/tiles/train/G190/G190__Motorola_Edge_G190_02__x645_y271__t256.png ; data/tiles/train/G190/G190__Motorola_Edge_G190_02__x901_y271__t256.png
3e5043fbce37,data/training_down/H666/Motorola_Edge_H666_03.png,H666,train,Motorola Edge,10,0,data/tiles/train/H666/H666__Motorola_Edge_H666_03__x1065_y14__t256.png ; data/tiles/train/H666/H666__Motorola_Edge_H666_03__x297_y14__t256.png ; data/tiles/train/H666/H666__Motorola_Edge_H666_03__x41_y14__t256.png ; data/tiles/train/H666/H666__Motorola_Edge_H666_03__x41_y270__t256.png ; data/tiles/train/H666/H666__Motorola_Edge_H666_03__x553_y270__t256.png ; data/tiles/train/H666/H666__Motorola_Edge_H666_03__x809_y270__t256.png
3ebfba651b7d,data/training_down/H368/Motorola_Edge_H368_04.png,H368,train,Motorola Edge,10,0,data/tiles/train/H368/H368__Motorola_Edge_H368_04__x104_y16__t256.png ; data/tiles/train/H368/H368__Motorola_Edge_H368_04__x1128_y16__t256.png ; data/tiles/train/H368/H368__Motorola_Edge_H368_04__x360_y16__t256.png ; data/tiles/train/H368/H368__Motorola_Edge_H368_04__x360_y272__t256.png ; data/tiles/train/H368/H368__Motorola_Edge_H368_04__x616_y272__t256.png ; data/tiles/train/H368/H368__Motorola_Edge_H368_04__x872_y272__t256.png
3f309c2d4d04,data/training_down/H366/Motorola_Edge_H366_01.png,H366,train,Motorola Edge,10,0,data/tiles/train/H366/H366__Motorola_Edge_H366_01__x1060_y16__t256.png ; data/tiles/train/H366/H366__Motorola_Edge_H366_01__x292_y16__t256.png ; data/tiles/train/H366/H366__Motorola_Edge_H366_01__x36_y16__t256.png ; data/tiles/train/H366/H366__Motorola_Edge_H366_01__x36_y272__t256.png ; data/tiles/train/H366/H366__Motorola_Edge_H366_01__x548_y272__t256.png ; data/tiles/train/H366/H366__Motorola_Edge_H366_01__x804_y272__t256.png
3f8b2887a721,data/testing_down/Kleinkummerfeld_2_3/iPhone16_HPC_Kleinkummerfeld 2-3 (3).png,Kleinkummerfeld 2-3,test,iPhone 16,12,0,data/tiles/test/Kleinkummerfeld_2_3/Kleinkummerfeld_2_3__iPhone16_HPC_Kleinkummerfeld 2-3 (3)__x285_y292__t256.png ; data/tiles/test/Kleinkummerfeld_2_3/Kleinkummerfeld_2_3__iPhone16_HPC_Kleinkummerfeld 2-3 (3)__x285_y548__t256.png ; data/tiles/test/Kleinkummerfeld_2_3/Kleinkummerfeld_2_3__iPhone16_HPC_Kleinkummerfeld 2-3 (3)__x29_y36__t256.png ; data/tiles/test/Kleinkummerfeld_2_3/Kleinkummerfeld_2_3__iPhone16_HPC_Kleinkummerfeld 2-3 (3)__x541_y36__t256.png ; data/tiles/test/Kleinkummerfeld_2_3/Kleinkummerfeld_2_3__iPhone16_HPC_Kleinkummerfeld 2-3 (3)__x797_y292__t256.png ; data/tiles/test/Kleinkummerfeld_2_3/Kleinkummerfeld_2_3__iPhone16_HPC_Kleinkummerfeld 2-3 (3)__x797_y548__t256.png
427b4eca910a,data/training_down/H616/Motorola_Edge_H616_03.png,H616,train,Motorola Edge,10,0,data/tiles/train/H616/H616__Motorola_Edge_H616_03__x1063_y15__t256.png ; data/tiles/train/H616/H616__Motorola_Edge_H616_03__x295_y15__t256.png ; data/tiles/train/H616/H616__Motorola_Edge_H616_03__x39_y15__t256.png ; data/tiles/train/H616/H616__Motorola_Edge_H616_03__x39_y271__t256.png ; data/tiles/train/H616/H616__Motorola_Edge_H616_03__x551_y271__t256.png ; data/tiles/train/H616/H616__Motorola_Edge_H616_03__x807_y271__t256.png
43388290b38c,data/training_down/H668/Samsung_A52_H668_02.png,H668,train,Samsung A52,15,0,data/tiles/train/H668/H668__Samsung_A52_H668_02__x1103_y181__t256.png ; data/tiles/train/H668/H668__Samsung_A52_H668_02__x335_y181__t256.png ; data/tiles/train/H668/H668__Samsung_A52_H668_02__x591_y181__t256.png ; data/tiles/train/H668/H668__Samsung_A52_H668_02__x591_y693__t256.png ; data/tiles/train/H668/H668__Samsung_A52_H668_02__x79_y693__t256.png ; data/tiles/train/H668/H668__Samsung_A52_H668_02__x847_y693__t256.png
43a987e879a4,data/training_down/H616/Motorola_Edge_H616_02.png,H616,train,Motorola Edge,10,0,data/tiles/train/H616/H616__Motorola_Edge_H616_02__x1063_y15__t256.png ; data/tiles/train/H616/H616__Motorola_Edge_H616_02__x295_y15__t256.png ; data/tiles/train/H616/H616__Motorola_Edge_H616_02__x39_y15__t256.png ; data/tiles/train/H616/H616__Motorola_Edge_H616_02__x39_y271__t256.png ; data/tiles/train/H616/H616__Motorola_Edge_H616_02__x551_y271__t256.png ; data/tiles/train/H616/H616__Motorola_Edge_H616_02__x807_y271__t256.png
4628cf7ba98f,data/testing_down/Airbus_BS12_5bis8/iPhone16_HPC_Airbus BS12-5bis8 (3).png,Airbus BS12-5bis8,test,iPhone 16,12,0,data/tiles/test/Airbus_BS12_5bis8/Airbus_BS12_5bis8__iPhone16_HPC_Airbus BS12-5bis8 (3)__x284_y300__t256.png ; data/tiles/test/Airbus_BS12_5bis8/Airbus_BS12_5bis8__iPhone16_HPC_Airbus BS12-5bis8 (3)__x284_y556__t256.png ; data/tiles/test/Airbus_BS12_5bis8/Airbus_BS12_5bis8__iPhone16_HPC_Airbus BS12-5bis8 (3)__x28_y44__t256.png ; data/tiles/test/Airbus_BS12_5bis8/Airbus_BS12_5bis8__iPhone16_HPC_Airbus BS12-5bis8 (3)__x540_y44__t256.png ; data/tiles/test/Airbus_BS12_5bis8/Airbus_BS12_5bis8__iPhone16_HPC_Airbus BS12-5bis8 (3)__x796_y300__t256.png ; data/tiles/test/Airbus_BS12_5bis8/Airbus_BS12_5bis8__iPhone16_HPC_Airbus BS12-5bis8 (3)__x796_y556__t256.png
482b52fed95b,data/training_down/H374/Motorola_Edge_60_fusion_H374_01.png,H374,train,Motorola Edge 60 Fusion,15,0,data/tiles/train/H374/H374__Motorola_Edge_60_fusion_H374_01__x1091_y293__t256.png ; data/tiles/train/H374/H374__Motorola_Edge_60_fusion_H374_01__x323_y293__t256.png ; data/tiles/train/H374/H374__Motorola_Edge_60_fusion_H374_01__x579_y293__t256.png ; data/tiles/train/H374/H374__Motorola_Edge_60_fusion_H374_01__x579_y549__t256.png ; data/tiles/train/H374/H374__Motorola_Edge_60_fusion_H374_01__x67_y549__t256.png ; data/tiles/train/H374/H374__Motorola_Edge_60_fusion_H374_01__x835_y549__t256.png
49061e33b3c7,data/testing_down/Testfeld_Lidl_WHV/iPhone14_HPC_Testfeld Lidl WHV (2).png,Testfeld Lidl WHV,test,iPhone 14,12,0,data/tiles/test/Testfeld_Lidl_WHV/Testfeld_Lidl_WHV__iPhone14_HPC_Testfeld Lidl WHV (2)__x287_y289__t256.png ; data/tiles/test/Testfeld_Lidl_WHV/Testfeld_Lidl_WHV__iPhone14_HPC_Testfeld Lidl WHV (2)__x287_y545__t256.png ; data/tiles/test/Testfeld_Lidl_WHV/Testfeld_Lidl_WHV__iPhone14_HPC_Testfeld Lidl WHV (2)__x31_y33__t256.png ; data/tiles/test/Testfeld_Lidl_WHV/Testfeld_Lidl_WHV__iPhone14_HPC_Testfeld Lidl WHV (2)__x543_y33__t256.png ; data/tiles/test/Testfeld_Lidl_WHV/Testfeld_Lidl_WHV__iPhone14_HPC_Testfeld Lidl WHV (2)__x799_y289__t256.png ; data/tiles/test/Testfeld_Lidl_WHV/Testfeld_Lidl_WHV__iPhone14_HPC_Testfeld Lidl WHV (2)__x799_y545__t256.png
4b371ecce992,data/training_down/H126/Samsung_A52_H126_01.png,H126,train,Samsung A52,15,0,data/tiles/train/H126/H126__Samsung_A52_H126_01__x1121_y179__t256.png ; data/tiles/train/H126/H126__Samsung_A52_H126_01__x353_y179__t256.png ; data/tiles/train/H126/H126__Samsung_A52_H126_01__x609_y179__t256.png ; data/tiles/train/H126/H126__Samsung_A52_H126_01__x609_y691__t256.png ; data/tiles/train/H126/H126__Samsung_A52_H126_01__x865_y691__t256.png ; data/tiles/train/H126/H126__Samsung_A52_H126_01__x97_y691__t256.png
4ca30085f44a,data/training_down/H616/Samsung_A52_H616_01.png,H616,train,Samsung A52,15,0,data/tiles/train/H616/H616__Samsung_A52_H616_01__x1108_y178__t256.png ; data/tiles/train/H616/H616__Samsung_A52_H616_01__x340_y178__t256.png ; data/tiles/train/H616/H616__Samsung_A52_H616_01__x596_y178__t256.png ; data/tiles/train/H616/H616__Samsung_A52_H616_01__x596_y690__t256.png ; data/tiles/train/H616/H616__Samsung_A52_H616_01__x84_y690__t256.png ; data/tiles/train/H616/H616__Samsung_A52_H616_01__x852_y690__t256.png
4e1bbeb28936,data/training_down/H637/Samsung_A52_H637_02.png,H637,train,Samsung A52,15,0,data/tiles/train/H637/H637__Samsung_A52_H637_02__x1119_y199__t256.png ; data/tiles/train/H637/H637__Samsung_A52_H637_02__x351_y199__t256.png ; data/tiles/train/H637/H637__Samsung_A52_H637_02__x607_y199__t256.png ; data/tiles/train/H637/H637__Samsung_A52_H637_02__x607_y711__t256.png ; data/tiles/train/H637/H637__Samsung_A52_H637_02__x863_y711__t256.png ; data/tiles/train/H637/H637__Samsung_A52_H637_02__x95_y711__t256.png
4e85a3e2e8e8,data/training_down/H371/Samsung_A52_H371_04.png,H371,train,Samsung A52,15,0,data/tiles/train/H371/H371__Samsung_A52_H371_04__x1097_y203__t256.png ; data/tiles/train/H371/H371__Samsung_A52_H371_04__x329_y203__t256.png ; data/tiles/train/H371/H371__Samsung_A52_H371_04__x585_y203__t256.png ; data/tiles/train/H371/H371__Samsung_A52_H371_04__x585_y715__t256.png ; data/tiles/train/H371/H371__Samsung_A52_H371_04__x73_y715__t256.png ; data/tiles/train/H371/H371__Samsung_A52_H371_04__x841_y715__t256.png
503f164a2271,data/training_down/H030/Samsung_A52_H030_02.png,H030,train,Samsung A52,15,0,data/tiles/train/H030/H030__Samsung_A52_H030_02__x105_y189__t256.png ; data/tiles/train/H030/H030__Samsung_A52_H030_02__x1129_y189__t256.png ; data/tiles/train/H030/H030__Samsung_A52_H030_02__x361_y189__t256.png ; data/tiles/train/H030/H030__Samsung_A52_H030_02__x361_y701__t256.png ; data/tiles/train/H030/H030__Samsung_A52_H030_02__x617_y701__t256.png ; data/tiles/train/H030/H030__Samsung_A52_H030_02__x873_y701__t256.png
50e02880701d,data/training_down/H371/Motorola_Edge_H371_03.png,H371,train,Motorola Edge,10,0,data/tiles/train/H371/H371__Motorola_Edge_H371_03__x1151_y16__t256.png ; data/tiles/train/H371/H371__Motorola_Edge_H371_03__x127_y16__t256.png ; data/tiles/train/H371/H371__Motorola_Edge_H371_03__x383_y16__t256.png ; data/tiles/train/H371/H371__Motorola_Edge_H371_03__x383_y272__t256.png ; data/tiles/train/H371/H371__Motorola_Edge_H371_03__x639_y272__t256.png ; data/tiles/train/H371/H371__Motorola_Edge_H371_03__x895_y272__t256.png
5124016203d4,data/training_down/H617/Samsung_A52_H617_01.png,H617,train,Samsung A52,15,0,data/tiles/train/H617/H617__Samsung_A52_H617_01__x1121_y219__t256.png ; data/tiles/train/H617/H617__Samsung_A52_H617_01__x353_y219__t256.png ; data/tiles/train/H617/H617__Samsung_A52_H617_01__x609_y219__t256.png ; data/tiles/train/H617/H617__Samsung_A52_H617_01__x609_y731__t256.png ; data/tiles/train/H617/H617__Samsung_A52_H617_01__x865_y731__t256.png ; data/tiles/train/H617/H617__Samsung_A52_H617_01__x97_y731__t256.png
51bb67aedf0f,data/training_down/F827/Motorola_Edge_F827_02.png,F827,train,Motorola Edge,10,0,data/tiles/train/F827/F827__Motorola_Edge_F827_02__x1061_y15__t256.png ; data/tiles/train/F827/F827__Motorola_Edge_F827_02__x293_y15__t256.png ; data/tiles/train/F827/F827__Motorola_Edge_F827_02__x37_y15__t256.png ; data/tiles/train/F827/F827__Motorola_Edge_F827_02__x37_y271__t256.png ; data/tiles/train/F827/F827__Motorola_Edge_F827_02__x549_y271__t256.png ; data/tiles/train/F827/F827__Motorola_Edge_F827_02__x805_y271__t256.png
51d3e721ffea,data/training_down/H668/Motorola_Edge_H668_03.png,H668,train,Motorola Edge,10,0,data/tiles/train/H668/H668__Motorola_Edge_H668_03__x1076_y14__t256.png ; data/tiles/train/H668/H668__Motorola_Edge_H668_03__x308_y14__t256.png ; data/tiles/train/H668/H668__Motorola_Edge_H668_03__x52_y14__t256.png ; data/tiles/train/H668/H668__Motorola_Edge_H668_03__x52_y270__t256.png ; data/tiles/train/H668/H668__Motorola_Edge_H668_03__x564_y270__t256.png ; data/tiles/train/H668/H668__Motorola_Edge_H668_03__x820_y270__t256.png
56940347b6c5,data/training_down/H372/Motorola_Edge_H372_01.png,H372,train,Motorola Edge,4,2,data/tiles/train/H372/H372__Motorola_Edge_H372_01__x286_y211__t256.png ; data/tiles/train/H372/H372__Motorola_Edge_H372_01__x30_y211__t256.png ; data/tiles/train/H372/H372__Motorola_Edge_H372_01__x542_y211__t256.png ; data/tiles/train/H372/H372__Motorola_Edge_H372_01__x798_y211__t256.png ; data/tiles/train/H372/H372__Motorola_Edge_H372_01__x286_y211__t256.png ; data/tiles/train/H372/H372__Motorola_Edge_H372_01__x30_y211__t256.png
56be5c5fac02,data/testing_down/Audorfring/iPhone14_HPC_Audorfring (2).png,Audorfring,test,iPhone 14,12,0,data/tiles/test/Audorfring/Audorfring__iPhone14_HPC_Audorfring (2)__x27_y27__t256.png ; data/tiles/test/Audorfring/Audorfring__iPhone14_HPC_Audorfring (2)__x27_y539__t256.png ; data/tiles/test/Audorfring/Audorfring__iPhone14_HPC_Audorfring (2)__x283_y283__t256.png ; data/tiles/test/Audorfring/Audorfring__iPhone14_HPC_Audorfring (2)__x539_y283__t256.png ; data/tiles/test/Audorfring/Audorfring__iPhone14_HPC_Audorfring (2)__x795_y27__t256.png ; data/tiles/test/Audorfring/Audorfring__iPhone14_HPC_Audorfring (2)__x795_y539__t256.png
56f409bb2699,data/training_down/H126/Motorola_Edge_H126_01.png,H126,train,Motorola Edge,10,0,data/tiles/train/H126/H126__Motorola_Edge_H126_01__x1098_y14__t256.png ; data/tiles/train/H126/H126__Motorola_Edge_H126_01__x330_y14__t256.png ; data/tiles/train/H126/H126__Motorola_Edge_H126_01__x586_y14__t256.png ; data/tiles/train/H126/H126__Motorola_Edge_H126_01__x586_y270__t256.png ; data/tiles/train/H126/H126__Motorola_Edge_H126_01__x74_y270__t256.png ; data/tiles/train/H126/H126__Motorola_Edge_H126_01__x842_y270__t256.png
5756e0d383d9,data/training_down/H615/Motorola_Edge_H615_02.png,H615,train,Motorola Edge,10,0,data/tiles/train/H615/H615__Motorola_Edge_H615_02__x1064_y17__t256.png ; data/tiles/train/H615/H615__Motorola_Edge_H615_02__x296_y17__t256.png ; data/tiles/train/H615/H615__Motorola_Edge_H615_02__x40_y17__t256.png ; data/tiles/train/H615/H615__Motorola_Edge_H615_02__x40_y273__t256.png ; data/tiles/train/H615/H615__Motorola_Edge_H615_02__x552_y273__t256.png ; data/tiles/train/H615/H615__Motorola_Edge_H615_02__x808_y273__t256.png
580aaf7e3d0d,data/training_down/H037/Samsung_A52_H037_03.png,H037,train,Samsung A52,15,0,data/tiles/train/H037/H037__Samsung_A52_H037_03__x1111_y188__t256.png ; data/tiles/train/H037/H037__Samsung_A52_H037_03__x343_y188__t256.png ; data/tiles/train/H037/H037__Samsung_A52_H037_03__x599_y188__t256.png ; data/tiles/train/H037/H037__Samsung_A52_H037_03__x599_y700__t256.png ; data/tiles/train/H037/H037__Samsung_A52_H037_03__x855_y700__t256.png ; data/tiles/train/H037/H037__Samsung_A52_H037_03__x87_y700__t256.png
5ec06e01f215,data/training_down/H637/Samsung_A52_H637_03.png,H637,train,Samsung A52,15,0,data/tiles/train/H637/H637__Samsung_A52_H637_03__x1120_y231__t256.png ; data/tiles/train/H637/H637__Samsung_A52_H637_03__x352_y231__t256.png ; data/tiles/train/H637/H637__Samsung_A52_H637_03__x608_y231__t256.png ; data/tiles/train/H637/H637__Samsung_A52_H637_03__x608_y743__t256.png ; data/tiles/train/H637/H637__Samsung_A52_H637_03__x864_y743__t256.png ; data/tiles/train/H637/H637__Samsung_A52_H637_03__x96_y743__t256.png
62bcc83877e8,data/training_down/H668/Motorola_Edge_H668_01.png,H668,train,Motorola Edge,10,0,data/tiles/train/H668/H668__Motorola_Edge_H668_01__x1078_y15__t256.png ; data/tiles/train/H668/H668__Motorola_Edge_H668_01__x310_y15__t256.png ; data/tiles/train/H668/H668__Motorola_Edge_H668_01__x54_y15__t256.png ; data/tiles/train/H668/H668__Motorola_Edge_H668_01__x54_y271__t256.png ; data/tiles/train/H668/H668__Motorola_Edge_H668_01__x566_y271__t256.png ; data/tiles/train/H668/H668__Motorola_Edge_H668_01__x822_y271__t256.png
637605cb2c02,data/training_down/H368/Motorola_Edge_H368_02.png,H368,train,Motorola Edge,10,0,data/tiles/train/H368/H368__Motorola_Edge_H368_02__x1140_y16__t256.png ; data/tiles/train/H368/H368__Motorola_Edge_H368_02__x116_y16__t256.png ; data/tiles/train/H368/H368__Motorola_Edge_H368_02__x372_y16__t256.png ; data/tiles/train/H368/H368__Motorola_Edge_H368_02__x372_y272__t256.png ; data/tiles/train/H368/H368__Motorola_Edge_H368_02__x628_y272__t256.png ; data/tiles/train/H368/H368__Motorola_Edge_H368_02__x884_y272__t256.png
63e8912591b1,data/training_down/H617/Motorola_Edge_H617_02.png,H617,train,Motorola Edge,10,0,data/tiles/train/H617/H617__Motorola_Edge_H617_02__x1059_y14__t256.png ; data/tiles/train/H617/H617__Motorola_Edge_H617_02__x291_y14__t256.png ; data/tiles/train/H617/H617__Motorola_Edge_H617_02__x35_y14__t256.png ; data/tiles/train/H617/H617__Motorola_Edge_H617_02__x35_y270__t256.png ; data/tiles/train/H617/H617__Motorola_Edge_H617_02__x547_y270__t256.png ; data/tiles/train/H617/H617__Motorola_Edge_H617_02__x803_y270__t256.png
66696e579707,data/testing_down/Testfeld_Lidl_WHV/iPhone14_HPC_Testfeld Lidl WHV (4).png,Testfeld Lidl WHV,test,iPhone 14,12,0,data/tiles/test/Testfeld_Lidl_WHV/Testfeld_Lidl_WHV__iPhone14_HPC_Testfeld Lidl WHV (4)__x25_y304__t256.png ; data/tiles/test/Testfeld_Lidl_WHV/Testfeld_Lidl_WHV__iPhone14_HPC_Testfeld Lidl WHV (4)__x25_y560__t256.png ; data/tiles/test/Testfeld_Lidl_WHV/Testfeld_Lidl_WHV__iPhone14_HPC_Testfeld Lidl WHV (4)__x281_y48__t256.png ; data/tiles/test/Testfeld_Lidl_WHV/Testfeld_Lidl_WHV__iPhone14_HPC_Testfeld Lidl WHV (4)__x537_y48__t256.png ; data/tiles/test/Testfeld_Lidl_WHV/Testfeld_Lidl_WHV__iPhone14_HPC_Testfeld Lidl WHV (4)__x793_y304__t256.png ; data/tiles/test/Testfeld_Lidl_WHV/Testfeld_Lidl_WHV__iPhone14_HPC_Testfeld Lidl WHV (4)__x793_y560__t256.png
67e47443de93,data/training_down/H549/Motorola_Edge_H549_01.png,H549,train,Motorola Edge,10,0,data/tiles/train/H549/H549__Motorola_Edge_H549_01__x1066_y14__t256.png ; data/tiles/train/H549/H549__Motorola_Edge_H549_01__x298_y14__t256.png ; data/tiles/train/H549/H549__Motorola_Edge_H549_01__x42_y14__t256.png ; data/tiles/train/H549/H549__Motorola_Edge_H549_01__x42_y270__t256.png ; data/tiles/train/H549/H549__Motorola_Edge_H549_01__x554_y270__t256.png ; data/tiles/train/H549/H549__Motorola_Edge_H549_01__x810_y270__t256.png
68287a8209a3,"data/testing_down/Muenster_BS6_9_0_10m/iPhone14_HPC_Münster_BS6_9,0-10m (4).png","Münster_BS6_9,0-10m",test,iPhone 14,12,0,"data/tiles/test/Muenster_BS6_9_0_10m/Muenster_BS6_9_0_10m__iPhone14_HPC_Münster_BS6_9,0-10m (4)__x1024_y0__t256.png ; data/tiles/test/Muenster_BS6_9_0_10m/Muenster_BS6_9_0_10m__iPhone14_HPC_Münster_BS6_9,0-10m (4)__x1024_y512__t256.png ; data/tiles/test/Muenster_BS6_9_0_10m/Muenster_BS6_9_0_10m__iPhone14_HPC_Münster_BS6_9,0-10m (4)__x256_y256__t256.png ; data/tiles/test/Muenster_BS6_9_0_10m/Muenster_BS6_9_0_10m__iPhone14_HPC_Münster_BS6_9,0-10m (4)__x512_y256__t256.png ; data/tiles/test/Muenster_BS6_9_0_10m/Muenster_BS6_9_0_10m__iPhone14_HPC_Münster_BS6_9,0-10m (4)__x768_y0__t256.png ; data/tiles/test/Muenster_BS6_9_0_10m/Muenster_BS6_9_0_10m__iPhone14_HPC_Münster_BS6_9,0-10m (4)__x768_y512__t256.png"
6949eb768317,data/testing_down/Airbus_BS10_4bis7/iPhone_16_HPC_Airbus BS10-4bis7 (4).png,Airbus BS10-4bis7,test,iPhone 16,12,0,data/tiles/test/Airbus_BS10_4bis7/Airbus_BS10_4bis7__iPhone_16_HPC_Airbus BS10-4bis7 (4)__x290_y313__t256.png ; data/tiles/test/Airbus_BS10_4bis7/Airbus_BS10_4bis7__iPhone_16_HPC_Airbus BS10-4bis7 (4)__x290_y57__t256.png ; data/tiles/test/Airbus_BS10_4bis7/Airbus_BS10_4bis7__iPhone_16_HPC_Airbus BS10-4bis7 (4)__x34_y569__t256.png ; data/tiles/test/Airbus_BS10_4bis7/Airbus_BS10_4bis7__iPhone_16_HPC_Airbus BS10-4bis7 (4)__x546_y569__t256.png ; data/tiles/test/Airbus_BS10_4bis7/Airbus_BS10_4bis7__iPhone_16_HPC_Airbus BS10-4bis7 (4)__x802_y313__t256.png ; data/tiles/test/Airbus_BS10_4bis7/Airbus_BS10_4bis7__iPhone_16_HPC_Airbus BS10-4bis7 (4)__x802_y57__t256.png
6be0f6477b85,data/training_down/H366/Motorola_Edge_H366_02.png,H366,train,Motorola Edge,10,0,data/tiles/train/H366/H366__Motorola_Edge_H366_02__x1143_y18__t256.png ; data/tiles/train/H366/H366__Motorola_Edge_H366_02__x119_y18__t256.png ; data/tiles/train/H366/H366__Motorola_Edge_H366_02__x375_y18__t256.png ; data/tiles/train/H366/H366__Motorola_Edge_H366_02__x375_y274__t256.png ; data/tiles/train/H366/H366__Motorola_Edge_H366_02__x631_y274__t256.png ; data/tiles/train/H366/H366__Motorola_Edge_H366_02__x887_y274__t256.png
6e7b8e6b130f,data/testing_down/Testfeld_Lidl_WHV/iPhone14_HPC_Testfeld Lidl WHV (3).png,Testfeld Lidl WHV,test,iPhone 14,12,0,data/tiles/test/Testfeld_Lidl_WHV/Testfeld_Lidl_WHV__iPhone14_HPC_Testfeld Lidl WHV (3)__x317_y27__t256.png ; data/tiles/test/Testfeld_Lidl_WHV/Testfeld_Lidl_WHV__iPhone14_HPC_Testfeld Lidl WHV (3)__x317_y539__t256.png ; data/tiles/test/Testfeld_Lidl_WHV/Testfeld_Lidl_WHV__iPhone14_HPC_Testfeld Lidl WHV (3)__x573_y283__t256.png ; data/tiles/test/Testfeld_Lidl_WHV/Testfeld_Lidl_WHV__iPhone14_HPC_Testfeld Lidl WHV (3)__x61_y283__t256.png ; data/tiles/test/Testfeld_Lidl_WHV/Testfeld_Lidl_WHV__iPhone14_HPC_Testfeld Lidl WHV (3)__x829_y27__t256.png ; data/tiles/test/Testfeld_Lidl_WHV/Testfeld_Lidl_WHV__iPhone14_HPC_Testfeld Lidl WHV (3)__x829_y539__t256.png
7068b9642e66,data/training_down/H037/Motorola_Edge_H037_02.png,H037,train,Motorola Edge,10,0,data/tiles/train/H037/H037__Motorola_Edge_H037_02__x1142_y15__t256.png ; data/tiles/train/H037/H037__Motorola_Edge_H037_02__x118_y15__t256.png ; data/tiles/train/H037/H037__Motorola_Edge_H037_02__x374_y15__t256.png ; data/tiles/train/H037/H037__Motorola_Edge_H037_02__x374_y271__t256.png ; data/tiles/train/H037/H037__Motorola_Edge_H037_02__x630_y271__t256.png ; data/tiles/train/H037/H037__Motorola_Edge_H037_02__x886_y271__t256.png
718d84a7583e,data/testing_down/Airbus_BS6_3/iPhone16_HPC_Airbus BS6-3 (4).png,Airbus BS6-3,test,iPhone 16,12,0,data/tiles/test/Airbus_BS6_3/Airbus_BS6_3__iPhone16_HPC_Airbus BS6-3 (4)__x285_y306__t256.png ; data/tiles/test/Airbus_BS6_3/Airbus_BS6_3__iPhone16_HPC_Airbus BS6-3 (4)__x285_y562__t256.png ; data/tiles/test/Airbus_BS6_3/Airbus_BS6_3__iPhone16_HPC_Airbus BS6-3 (4)__x29_y50__t256.png ; data/tiles/test/Airbus_BS6_3/Airbus_BS6_3__iPhone16_HPC_Airbus BS6-3 (4)__x541_y50__t256.png ; data/tiles/test/Airbus_BS6_3/Airbus_BS6_3__iPhone16_HPC_Airbus BS6-3 (4)__x797_y306__t256.png ; data/tiles/test/Airbus_BS6_3/Airbus_BS6_3__iPhone16_HPC_Airbus BS6-3 (4)__x797_y562__t256.png
71957f4c7538,data/training_down/H038/Motorola_Edge_H038_03.png,H038,train,Motorola Edge,10,0,data/tiles/train/H038/H038__Motorola_Edge_H038_03__x1060_y14__t256.png ; data/tiles/train/H038/H038__Motorola_Edge_H038_03__x292_y14__t256.png ; data/tiles/train/H038/H038__Motorola_Edge_H038_03__x36_y14__t256.png ; data/tiles/train/H038/H038__Motorola_Edge_H038_03__x36_y270__t256.png ; data/tiles/train/H038/H038__Motorola_Edge_H038_03__x548_y270__t256.png ; data/tiles/train/H038/H038__Motorola_Edge_H038_03__x804_y270__t256.png
76cb986eb9f2,data/training_down/H493/Samsung_A52_H493_02.png,H493,train,Samsung A52,15,0,data/tiles/train/H493/H493__Samsung_A52_H493_02__x1120_y219__t256.png ; data/tiles/train/H493/H493__Samsung_A52_H493_02__x352_y219__t256.png ; data/tiles/train/H493/H493__Samsung_A52_H493_02__x608_y219__t256.png ; data/tiles/train/H493/H493__Samsung_A52_H493_02__x608_y731__t256.png ; data/tiles/train/H493/H493__Samsung_A52_H493_02__x864_y731__t256.png ; data/tiles/train/H493/H493__Samsung_A52_H493_02__x96_y731__t256.png
78ee4e542dd4,data/training_down/H030/Motorola_Edge_H030_01.png,H030,train,Motorola Edge,10,0,data/tiles/train/H030/H030__Motorola_Edge_H030_01__x1058_y15__t256.png ; data/tiles/train/H030/H030__Motorola_Edge_H030_01__x290_y15__t256.png ; data/tiles/train/H030/H030__Motorola_Edge_H030_01__x34_y15__t256.png ; data/tiles/train/H030/H030__Motorola_Edge_H030_01__x34_y271__t256.png ; data/tiles/train/H030/H030__Motorola_Edge_H030_01__x546_y271__t256.png ; data/tiles/train/H030/H030__Motorola_Edge_H030_01__x802_y271__t256.png
7a9dbd9cc804,data/training_down/H371/Samsung_A52_H371_02.png,H371,train,Samsung A52,15,0,data/tiles/train/H371/H371__Samsung_A52_H371_02__x1109_y200__t256.png ; data/tiles/train/H371/H371__Samsung_A52_H371_02__x341_y200__t256.png ; data/tiles/train/H371/H371__Samsung_A52_H371_02__x597_y200__t256.png ; data/tiles/train/H371/H371__Samsung_A52_H371_02__x597_y712__t256.png ; data/tiles/train/H371/H371__Samsung_A52_H371_02__x853_y712__t256.png ; data/tiles/train/H371/H371__Samsung_A52_H371_02__x85_y712__t256.png
7b88d8dbaa6d,data/training_down/H374/Motorola_Edge_60_fusion_H374_02.png,H374,train,Motorola Edge 60 Fusion,15,0,data/tiles/train/H374/H374__Motorola_Edge_60_fusion_H374_02__x1104_y24__t256.png ; data/tiles/train/H374/H374__Motorola_Edge_60_fusion_H374_02__x336_y24__t256.png ; data/tiles/train/H374/H374__Motorola_Edge_60_fusion_H374_02__x592_y24__t256.png ; data/tiles/train/H374/H374__Motorola_Edge_60_fusion_H374_02__x592_y536__t256.png ; data/tiles/train/H374/H374__Motorola_Edge_60_fusion_H374_02__x80_y536__t256.png ; data/tiles/train/H374/H374__Motorola_Edge_60_fusion_H374_02__x848_y536__t256.png
7cb2f9b47b2d,data/testing_down/Kleinkummerfeld_18_3/iPhone16_HPC_Kleinkummerfeld 18-3 (2).png,Kleinkummerfeld 18-3,test,iPhone 16,12,0,data/tiles/test/Kleinkummerfeld_18_3/Kleinkummerfeld_18_3__iPhone16_HPC_Kleinkummerfeld 18-3 (2)__x284_y297__t256.png ; data/tiles/test/Kleinkummerfeld_18_3/Kleinkummerfeld_18_3__iPhone16_HPC_Kleinkummerfeld 18-3 (2)__x284_y553__t256.png ; data/tiles/test/Kleinkummerfeld_18_3/Kleinkummerfeld_18_3__iPhone16_HPC_Kleinkummerfeld 18-3 (2)__x28_y41__t256.png ; data/tiles/test/Kleinkummerfeld_18_3/Kleinkummerfeld_18_3__iPhone16_HPC_Kleinkummerfeld 18-3 (2)__x540_y41__t256.png ; data/tiles/test/Kleinkummerfeld_18_3/Kleinkummerfeld_18_3__iPhone16_HPC_Kleinkummerfeld 18-3 (2)__x796_y297__t256.png ; data/tiles/test/Kleinkummerfeld_18_3/Kleinkummerfeld_18_3__iPhone16_HPC_Kleinkummerfeld 18-3 (2)__x796_y553__t256.png
7db8546bfafa,data/training_down/H367/Motorola_Edge_H367_03.png,H367,train,Motorola Edge,10,0,data/tiles/train/H367/H367__Motorola_Edge_H367_03__x1070_y18__t256.png ; data/tiles/train/H367/H367__Motorola_Edge_H367_03__x302_y18__t256.png ; data/tiles/train/H367/H367__Motorola_Edge_H367_03__x46_y18__t256.png ; data/tiles/train/H367/H367__Motorola_Edge_H367_03__x46_y274__t256.png ; data/tiles/train/H367/H367__Motorola_Edge_H367_03__x558_y274__t256.png ; data/tiles/train/H367/H367__Motorola_Edge_H367_03__x814_y274__t256.png
7fa691df1621,data/training_down/H405/Motorola_Edge_H405_01.png,H405,train,Motorola Edge,10,0,data/tiles/train/H405/H405__Motorola_Edge_H405_01__x1055_y15__t256.png ; data/tiles/train/H405/H405__Motorola_Edge_H405_01__x287_y15__t256.png ; data/tiles/train/H405/H405__Motorola_Edge_H405_01__x31_y15__t256.png ; data/tiles/train/H405/H405__Motorola_Edge_H405_01__x31_y271__t256.png ; data/tiles/train/H405/H405__Motorola_Edge_H405_01__x543_y271__t256.png ; data/tiles/train/H405/H405__Motorola_Edge_H405_01__x799_y271__t256.png
8031662e2ce5,data/testing_down/Kleinkummerfeld_2_3/iPhone16_HPC_Kleinkummerfeld 2-3 (1).png,Kleinkummerfeld 2-3,test,iPhone 16,12,0,data/tiles/test/Kleinkummerfeld_2_3/Kleinkummerfeld_2_3__iPhone16_HPC_Kleinkummerfeld 2-3 (1)__x286_y293__t256.png ; data/tiles/test/Kleinkummerfeld_2_3/Kleinkummerfeld_2_3__iPhone16_HPC_Kleinkummerfeld 2-3 (1)__x286_y549__t256.png ; data/tiles/test/Kleinkummerfeld_2_3/Kleinkummerfeld_2_3__iPhone16_HPC_Kleinkummerfeld 2-3 (1)__x30_y37__t256.png ; data/tiles/test/Kleinkummerfeld_2_3/Kleinkummerfeld_2_3__iPhone16_HPC_Kleinkummerfeld 2-3 (1)__x542_y37__t256.png ; data/tiles/test/Kleinkummerfeld_2_3/Kleinkummerfeld_2_3__iPhone16_HPC_Kleinkummerfeld 2-3 (1)__x798_y293__t256.png ; data/tiles/test/Kleinkummerfeld_2_3/Kleinkummerfeld_2_3__iPhone16_HPC_Kleinkummerfeld 2-3 (1)__x798_y549__t256.png
826fa953f8d3,data/training_down/H549/Samsung_A52_H549_01.png,H549,train,Samsung A52,15,0,data/tiles/train/H549/H549__Samsung_A52_H549_01__x1115_y215__t256.png ; data/tiles/train/H549/H549__Samsung_A52_H549_01__x347_y215__t256.png ; data/tiles/train/H549/H549__Samsung_A52_H549_01__x603_y215__t256.png ; data/tiles/train/H549/H549__Samsung_A52_H549_01__x603_y727__t256.png ; data/tiles/train/H549/H549__Samsung_A52_H549_01__x859_y727__t256.png ; data/tiles/train/H549/H549__Samsung_A52_H549_01__x91_y727__t256.png
827f3d2f6ad8,data/training_down/F827/Samsung_A52_F827_01.png,F827,train,Samsung A52,15,0,data/tiles/train/F827/F827__Samsung_A52_F827_01__x111_y211__t256.png ; data/tiles/train/F827/F827__Samsung_A52_F827_01__x1135_y211__t256.png ; data/tiles/train/F827/F827__Samsung_A52_F827_01__x367_y211__t256.png ; data/tiles/train/F827/F827__Samsung_A52_F827_01__x367_y723__t256.png ; data/tiles/train/F827/F827__Samsung_A52_F827_01__x623_y723__t256.png ; data/tiles/train/F827/F827__Samsung_A52_F827_01__x879_y723__t256.png
85510c98164d,data/training_down/F827/Motorola_Edge_F827_01.png,F827,train,Motorola Edge,10,0,data/tiles/train/F827/F827__Motorola_Edge_F827_01__x1062_y15__t256.png ; data/tiles/train/F827/F827__Motorola_Edge_F827_01__x294_y15__t256.png ; data/tiles/train/F827/F827__Motorola_Edge_F827_01__x38_y15__t256.png ; data/tiles/train/F827/F827__Motorola_Edge_F827_01__x38_y271__t256.png ; data/tiles/train/F827/F827__Motorola_Edge_F827_01__x550_y271__t256.png ; data/tiles/train/F827/F827__Motorola_Edge_F827_01__x806_y271__t256.png
85fdea6a40d4,data/training_down/H038/Motorola_Edge_H038_01.png,H038,train,Motorola Edge,10,0,data/tiles/train/H038/H038__Motorola_Edge_H038_01__x1058_y15__t256.png ; data/tiles/train/H038/H038__Motorola_Edge_H038_01__x290_y15__t256.png ; data/tiles/train/H038/H038__Motorola_Edge_H038_01__x34_y15__t256.png ; data/tiles/train/H038/H038__Motorola_Edge_H038_01__x34_y271__t256.png ; data/tiles/train/H038/H038__Motorola_Edge_H038_01__x546_y271__t256.png ; data/tiles/train/H038/H038__Motorola_Edge_H038_01__x802_y271__t256.png
863453455dd1,data/training_down/H030/Motorola_Edge_H030_04.png,H030,train,Motorola Edge,10,0,data/tiles/train/H030/H030__Motorola_Edge_H030_04__x1157_y15__t256.png ; data/tiles/train/H030/H030__Motorola_Edge_H030_04__x133_y15__t256.png ; data/tiles/train/H030/H030__Motorola_Edge_H030_04__x389_y15__t256.png ; data/tiles/train/H030/H030__Motorola_Edge_H030_04__x389_y271__t256.png ; data/tiles/train/H030/H030__Motorola_Edge_H030_04__x645_y271__t256.png ; data/tiles/train/H030/H030__Motorola_Edge_H030_04__x901_y271__t256.png
88beb213afc7,data/testing_down/Kleinkummerfeld_18_3/iPhone16_HPC_Kleinkummerfeld 18-3 (4).png,Kleinkummerfeld 18-3,test,iPhone 16,12,0,data/tiles/test/Kleinkummerfeld_18_3/Kleinkummerfeld_18_3__iPhone16_HPC_Kleinkummerfeld 18-3 (4)__x284_y299__t256.png ; data/tiles/test/Kleinkummerfeld_18_3/Kleinkummerfeld_18_3__iPhone16_HPC_Kleinkummerfeld 18-3 (4)__x284_y555__t256.png ; data/tiles/test/Kleinkummerfeld_18_3/Kleinkummerfeld_18_3__iPhone16_HPC_Kleinkummerfeld 18-3 (4)__x28_y43__t256.png ; data/tiles/test/Kleinkummerfeld_18_3/Kleinkummerfeld_18_3__iPhone16_HPC_Kleinkummerfeld 18-3 (4)__x540_y43__t256.png ; data/tiles/test/Kleinkummerfeld_18_3/Kleinkummerfeld_18_3__iPhone16_HPC_Kleinkummerfeld 18-3 (4)__x796_y299__t256.png ; data/tiles/test/Kleinkummerfeld_18_3/Kleinkummerfeld_18_3__iPhone16_HPC_Kleinkummerfeld 18-3 (4)__x796_y555__t256.png
899607462fbb,data/training_down/H183/Samsung_A52_H183_03.png,H183,train,Samsung A52,15,0,data/tiles/train/H183/H183__Samsung_A52_H183_03__x110_y173__t256.png ; data/tiles/train/H183/H183__Samsung_A52_H183_03__x1134_y173__t256.png ; data/tiles/train/H183/H183__Samsung_A52_H183_03__x366_y173__t256.png ; data/tiles/train/H183/H183__Samsung_A52_H183_03__x366_y685__t256.png ; data/tiles/train/H183/H183__Samsung_A52_H183_03__x622_y685__t256.png ; data/tiles/train/H183/H183__Samsung_A52_H183_03__x878_y685__t256.png
8a9c99d213aa,data/testing_down/Airbus_BS6_3/iPhone16_HPC_Airbus BS6-3 (2).png,Airbus BS6-3,test,iPhone 16,12,0,data/tiles/test/Airbus_BS6_3/Airbus_BS6_3__iPhone16_HPC_Airbus BS6-3 (2)__x27_y305__t256.png ; data/tiles/test/Airbus_BS6_3/Airbus_BS6_3__iPhone16_HPC_Airbus BS6-3 (2)__x27_y561__t256.png ; data/tiles/test/Airbus_BS6_3/Airbus_BS6_3__iPhone16_HPC_Airbus BS6-3 (2)__x283_y49__t256.png ; data/tiles/test/Airbus_BS6_3/Airbus_BS6_3__iPhone16_HPC_Airbus BS6-3 (2)__x539_y49__t256.png ; data/tiles/test/Airbus_BS6_3/Airbus_BS6_3__iPhone16_HPC_Airbus BS6-3 (2)__x795_y305__t256.png ; data/tiles/test/Airbus_BS6_3/Airbus_BS6_3__iPhone16_HPC_Airbus BS6-3 (2)__x795_y561__t256.png
8af6ef6cc216,data/testing_down/Audorfring/iPhone14_HPC_Audorfring (3).png,Audorfring,test,iPhone 14,12,0,data/tiles/test/Audorfring/Audorfring__iPhone14_HPC_Audorfring (3)__x27_y337__t256.png ; data/tiles/test/Audorfring/Audorfring__iPhone14_HPC_Audorfring (3)__x27_y81__t256.png ; data/tiles/test/Audorfring/Audorfring__iPhone14_HPC_Audorfring (3)__x283_y593__t256.png ; data/tiles/test/Audorfring/Audorfring__iPhone14_HPC_Audorfring (3)__x539_y593__t256.png ; data/tiles/test/Audorfring/Audorfring__iPhone14_HPC_Audorfring (3)__x795_y337__t256.png ; data/tiles/test/Audorfring/Audorfring__iPhone14_HPC_Audorfring (3)__x795_y81__t256.png
8d1a04489ef8,data/training_down/H617/Motorola_Edge_H617_03.png,H617,train,Motorola Edge,10,0,data/tiles/train/H617/H617__Motorola_Edge_H617_03__x1162_y15__t256.png ; data/tiles/train/H617/H617__Motorola_Edge_H617_03__x138_y15__t256.png ; data/tiles/train/H617/H617__Motorola_Edge_H617_03__x394_y15__t256.png ; data/tiles/train/H617/H617__Motorola_Edge_H617_03__x394_y271__t256.png ; data/tiles/train/H617/H617__Motorola_Edge_H617_03__x650_y271__t256.png ; data/tiles/train/H617/H617__Motorola_Edge_H617_03__x906_y271__t256.png
8e1c3430355f,data/training_down/H616/Motorola_Edge_H616_01.png,H616,train,Motorola Edge,10,0,data/tiles/train/H616/H616__Motorola_Edge_H616_01__x1066_y15__t256.png ; data/tiles/train/H616/H616__Motorola_Edge_H616_01__x298_y15__t256.png ; data/tiles/train/H616/H616__Motorola_Edge_H616_01__x42_y15__t256.png ; data/tiles/train/H616/H616__Motorola_Edge_H616_01__x42_y271__t256.png ; data/tiles/train/H616/H616__Motorola_Edge_H616_01__x554_y271__t256.png ; data/tiles/train/H616/H616__Motorola_Edge_H616_01__x810_y271__t256.png
8e7b134ebfb3,data/training_down/H615/Samsung_A52_H615_01.png,H615,train,Samsung A52,15,0,data/tiles/train/H615/H615__Samsung_A52_H615_01__x1111_y201__t256.png ; data/tiles/train/H615/H615__Samsung_A52_H615_01__x343_y201__t256.png ; data/tiles/train/H615/H615__Samsung_A52_H615_01__x599_y201__t256.png ; data/tiles/train/H615/H615__Samsung_A52_H615_01__x599_y713__t256.png ; data/tiles/train/H615/H615__Samsung_A52_H615_01__x855_y713__t256.png ; data/tiles/train/H615/H615__Samsung_A52_H615_01__x87_y713__t256.png
8ee75f16e677,data/testing_down/Airbus_BS12_5bis8/iPhone16_HPC_Airbus BS12-5bis8 (2).png,Airbus BS12-5bis8,test,iPhone 16,12,0,data/tiles/test/Airbus_BS12_5bis8/Airbus_BS12_5bis8__iPhone16_HPC_Airbus BS12-5bis8 (2)__x27_y294__t256.png ; data/tiles/test/Airbus_BS12_5bis8/Airbus_BS12_5bis8__iPhone16_HPC_Airbus BS12-5bis8 (2)__x27_y550__t256.png ; data/tiles/test/Airbus_BS12_5bis8/Airbus_BS12_5bis8__iPhone16_HPC_Airbus BS12-5bis8 (2)__x283_y38__t256.png ; data/tiles/test/Airbus_BS12_5bis8/Airbus_BS12_5bis8__iPhone16_HPC_Airbus BS12-5bis8 (2)__x539_y38__t256.png ; data/tiles/test/Airbus_BS12_5bis8/Airbus_BS12_5bis8__iPhone16_HPC_Airbus BS12-5bis8 (2)__x795_y294__t256.png ; data/tiles/test/Airbus_BS12_5bis8/Airbus_BS12_5bis8__iPhone16_HPC_Airbus BS12-5bis8 (2)__x795_y550__t256.png
93973b356213,data/training_down/H668/Samsung_A52_H668_01.png,H668,train,Samsung A52,15,0,data/tiles/train/H668/H668__Samsung_A52_H668_01__x1107_y226__t256.png ; data/tiles/train/H668/H668__Samsung_A52_H668_01__x339_y226__t256.png ; data/tiles/train/H668/H668__Samsung_A52_H668_01__x595_y226__t256.png ; data/tiles/train/H668/H668__Samsung_A52_H668_01__x595_y738__t256.png ; data/tiles/train/H668/H668__Samsung_A52_H668_01__x83_y738__t256.png ; data/tiles/train/H668/H668__Samsung_A52_H668_01__x851_y738__t256.png
93a1bf41c3b5,data/training_down/H368/Samsung_A52_H368_01.png,H368,train,Samsung A52,15,0,data/tiles/train/H368/H368__Samsung_A52_H368_01__x1108_y178__t256.png ; data/tiles/train/H368/H368__Samsung_A52_H368_01__x340_y178__t256.png ; data/tiles/train/H368/H368__Samsung_A52_H368_01__x596_y178__t256.png ; data/tiles/train/H368/H368__Samsung_A52_H368_01__x596_y690__t256.png ; data/tiles/train/H368/H368__Samsung_A52_H368_01__x84_y690__t256.png ; data/tiles/train/H368/H368__Samsung_A52_H368_01__x852_y690__t256.png
93d65e536ea3,data/training_down/H183/Motorola_Edge_H183_04.png,H183,train,Motorola Edge,10,0,data/tiles/train/H183/H183__Motorola_Edge_H183_04__x1145_y16__t256.png ; data/tiles/train/H183/H183__Motorola_Edge_H183_04__x121_y16__t256.png ; data/tiles/train/H183/H183__Motorola_Edge_H183_04__x377_y16__t256.png ; data/tiles/train/H183/H183__Motorola_Edge_H183_04__x377_y272__t256.png ; data/tiles/train/H183/H183__Motorola_Edge_H183_04__x633_y272__t256.png ; data/tiles/train/H183/H183__Motorola_Edge_H183_04__x889_y272__t256.png
943acee200f3,data/training_down/H637/Samsung_A52_H637_01.png,H637,train,Samsung A52,15,0,data/tiles/train/H637/H637__Samsung_A52_H637_01__x1105_y203__t256.png ; data/tiles/train/H637/H637__Samsung_A52_H637_01__x337_y203__t256.png ; data/tiles/train/H637/H637__Samsung_A52_H637_01__x593_y203__t256.png ; data/tiles/train/H637/H637__Samsung_A52_H637_01__x593_y715__t256.png ; data/tiles/train/H637/H637__Samsung_A52_H637_01__x81_y715__t256.png ; data/tiles/train/H637/H637__Samsung_A52_H637_01__x849_y715__t256.png
98f491f7c68a,"data/testing_down/Muenster_BS6_9_0_10m/iPhone14_HPC_Münster_BS6_9,0-10m (2).png","Münster_BS6_9,0-10m",test,iPhone 14,8,0,"data/tiles/test/Muenster_BS6_9_0_10m/Muenster_BS6_9_0_10m__iPhone14_HPC_Münster_BS6_9,0-10m (2)__x0_y0__t256.png ; data/tiles/test/Muenster_BS6_9_0_10m/Muenster_BS6_9_0_10m__iPhone14_HPC_Münster_BS6_9,0-10m (2)__x0_y256__t256.png ; data/tiles/test/Muenster_BS6_9_0_10m/Muenster_BS6_9_0_10m__iPhone14_HPC_Münster_BS6_9,0-10m (2)__x256_y256__t256.png ; data/tiles/test/Muenster_BS6_9_0_10m/Muenster_BS6_9_0_10m__iPhone14_HPC_Münster_BS6_9,0-10m (2)__x256_y512__t256.png ; data/tiles/test/Muenster_BS6_9_0_10m/Muenster_BS6_9_0_10m__iPhone14_HPC_Münster_BS6_9,0-10m (2)__x512_y256__t256.png ; data/tiles/test/Muenster_BS6_9_0_10m/Muenster_BS6_9_0_10m__iPhone14_HPC_Münster_BS6_9,0-10m (2)__x768_y256__t256.png"
98f58e8d2000,data/training_down/H617/Samsung_A52_H617_03.png,H617,train,Samsung A52,15,0,data/tiles/train/H617/H617__Samsung_A52_H617_03__x1122_y236__t256.png ; data/tiles/train/H617/H617__Samsung_A52_H617_03__x354_y236__t256.png ; data/tiles/train/H617/H617__Samsung_A52_H617_03__x610_y236__t256.png ; data/tiles/train/H617/H617__Samsung_A52_H617_03__x610_y748__t256.png ; data/tiles/train/H617/H617__Samsung_A52_H617_03__x866_y748__t256.png ; data/tiles/train/H617/H617__Samsung_A52_H617_03__x98_y748__t256.png
992d2d313acb,data/training_down/H549/Motorola_Edge_H549_03.png,H549,train,Motorola Edge,10,0,data/tiles/train/H549/H549__Motorola_Edge_H549_03__x1153_y15__t256.png ; data/tiles/train/H549/H549__Motorola_Edge_H549_03__x129_y15__t256.png ; data/tiles/train/H549/H549__Motorola_Edge_H549_03__x385_y15__t256.png ; data/tiles/train/H549/H549__Motorola_Edge_H549_03__x385_y271__t256.png ; data/tiles/train/H549/H549__Motorola_Edge_H549_03__x641_y271__t256.png ; data/tiles/train/H549/H549__Motorola_Edge_H549_03__x897_y271__t256.png
9a32321b9067,data/testing_down/Kleinkummerfeld_2_2/iPhone16_HPC_Kleinkummerfeld 2-2 (3).png,Kleinkummerfeld 2-2,test,iPhone 16,12,0,data/tiles/test/Kleinkummerfeld_2_2/Kleinkummerfeld_2_2__iPhone16_HPC_Kleinkummerfeld 2-2 (3)__x285_y291__t256.png ; data/tiles/test/Kleinkummerfeld_2_2/Kleinkummerfeld_2_2__iPhone16_HPC_Kleinkummerfeld 2-2 (3)__x285_y547__t256.png ; data/tiles/test/Kleinkummerfeld_2_2/Kleinkummerfeld_2_2__iPhone16_HPC_Kleinkummerfeld 2-2 (3)__x29_y35__t256.png ; data/tiles/test/Kleinkummerfeld_2_2/Kleinkummerfeld_2_2__iPhone16_HPC_Kleinkummerfeld 2-2 (3)__x541_y35__t256.png ; data/tiles/test/Kleinkummerfeld_2_2/Kleinkummerfeld_2_2__iPhone16_HPC_Kleinkummerfeld 2-2 (3)__x797_y291__t256.png ; data/tiles/test/Kleinkummerfeld_2_2/Kleinkummerfeld_2_2__iPhone16_HPC_Kleinkummerfeld 2-2 (3)__x797_y547__t256.png
9ae247dbe9b7,data/training_down/H126/Motorola_Edge_H126_03.png,H126,train,Motorola Edge,10,0,data/tiles/train/H126/H126__Motorola_Edge_H126_03__x1074_y15__t256.png ; data/tiles/train/H126/H126__Motorola_Edge_H126_03__x306_y15__t256.png ; data/tiles/train/H126/H126__Motorola_Edge_H126_03__x50_y15__t256.png ; data/tiles/train/H126/H126__Motorola_Edge_H126_03__x50_y271__t256.png ; data/tiles/train/H126/H126__Motorola_Edge_H126_03__x562_y271__t256.png ; data/tiles/train/H126/H126__Motorola_Edge_H126_03__x818_y271__t256.png
9c194586c192,"data/testing_down/Muenster_BS6_9_0_10m/iPhone14_HPC_Münster_BS6_9,0-10m (3).png","Münster_BS6_9,0-10m",test,iPhone 14,11,0,"data/tiles/test/Muenster_BS6_9_0_10m/Muenster_BS6_9_0_10m__iPhone14_HPC_Münster_BS6_9,0-10m (3)__x0_y0__t256.png ; data/tiles/test/Muenster_BS6_9_0_10m/Muenster_BS6_9_0_10m__iPhone14_HPC_Münster_BS6_9,0-10m (3)__x1024_y0__t256.png ; data/tiles/test/Muenster_BS6_9_0_10m/Muenster_BS6_9_0_10m__iPhone14_HPC_Münster_BS6_9,0-10m (3)__x256_y256__t256.png ; data/tiles/test/Muenster_BS6_9_0_10m/Muenster_BS6_9_0_10m__iPhone14_HPC_Münster_BS6_9,0-10m (3)__x512_y256__t256.png ; data/tiles/test/Muenster_BS6_9_0_10m/Muenster_BS6_9_0_10m__iPhone14_HPC_Münster_BS6_9,0-10m (3)__x768_y0__t256.png ; data/tiles/test/Muenster_BS6_9_0_10m/Muenster_BS6_9_0_10m__iPhone14_HPC_Münster_BS6_9,0-10m (3)__x768_y512__t256.png"
9db2006947bc,data/training_down/H617/Motorola_Edge_H617_01.png,H617,train,Motorola Edge,10,0,data/tiles/train/H617/H617__Motorola_Edge_H617_01__x1058_y14__t256.png ; data/tiles/train/H617/H617__Motorola_Edge_H617_01__x290_y14__t256.png ; data/tiles/train/H617/H617__Motorola_Edge_H617_01__x34_y14__t256.png ; data/tiles/train/H617/H617__Motorola_Edge_H617_01__x34_y270__t256.png ; data/tiles/train/H617/H617__Motorola_Edge_H617_01__x546_y270__t256.png ; data/tiles/train/H617/H617__Motorola_Edge_H617_01__x802_y270__t256.png
9e3c156aae70,data/training_down/H037/Motorola_Edge_H037_01.png,H037,train,Motorola Edge,10,0,data/tiles/train/H037/H037__Motorola_Edge_H037_01__x1073_y14__t256.png ; data/tiles/train/H037/H037__Motorola_Edge_H037_01__x305_y14__t256.png ; data/tiles/train/H037/H037__Motorola_Edge_H037_01__x49_y14__t256.png ; data/tiles/train/H037/H037__Motorola_Edge_H037_01__x49_y270__t256.png ; data/tiles/train/H037/H037__Motorola_Edge_H037_01__x561_y270__t256.png ; data/tiles/train/H037/H037__Motorola_Edge_H037_01__x817_y270__t256.png
9f066f1672bb,data/training_down/H371/Samsung_A52_H371_01.png,H371,train,Samsung A52,15,0,data/tiles/train/H371/H371__Samsung_A52_H371_01__x111_y190__t256.png ; data/tiles/train/H371/H371__Samsung_A52_H371_01__x1135_y190__t256.png ; data/tiles/train/H371/H371__Samsung_A52_H371_01__x367_y190__t256.png ; data/tiles/train/H371/H371__Samsung_A52_H371_01__x367_y702__t256.png ; data/tiles/train/H371/H371__Samsung_A52_H371_01__x623_y702__t256.png ; data/tiles/train/H371/H371__Samsung_A52_H371_01__x879_y702__t256.png
9f192484ec0a,data/testing_down/Airbus_BS10_4bis7/iPhone16_HPC_Airbus BS10-4bis7 (3).png,Airbus BS10-4bis7,test,iPhone 16,12,0,data/tiles/test/Airbus_BS10_4bis7/Airbus_BS10_4bis7__iPhone16_HPC_Airbus BS10-4bis7 (3)__x284_y305__t256.png ; data/tiles/test/Airbus_BS10_4bis7/Airbus_BS10_4bis7__iPhone16_HPC_Airbus BS10-4bis7 (3)__x284_y561__t256.png ; data/tiles/test/Airbus_BS10_4bis7/Airbus_BS10_4bis7__iPhone16_HPC_Airbus BS10-4bis7 (3)__x28_y49__t256.png ; data/tiles/test/Airbus_BS10_4bis7/Airbus_BS10_4bis7__iPhone16_HPC_Airbus BS10-4bis7 (3)__x540_y49__t256.png ; data/tiles/test/Airbus_BS10_4bis7/Airbus_BS10_4bis7__iPhone16_HPC_Airbus BS10-4bis7 (3)__x796_y305__t256.png ; data/tiles/test/Airbus_BS10_4bis7/Airbus_BS10_4bis7__iPhone16_HPC_Airbus BS10-4bis7 (3)__x796_y561__t256.png
9faab0a5ff7b,data/training_down/H372/Samsung_A52_H372_02.png,H372,train,Samsung A52,15,0,data/tiles/train/H372/H372__Samsung_A52_H372_02__x1154_y198__t256.png ; data/tiles/train/H372/H372__Samsung_A52_H372_02__x130_y198__t256.png ; data/tiles/train/H372/H372__Samsung_A52_H372_02__x386_y198__t256.png ; data/tiles/train/H372/H372__Samsung_A52_H372_02__x386_y710__t256.png ; data/tiles/train/H372/H372__Samsung_A52_H372_02__x642_y710__t256.png ; data/tiles/train/H372/H372__Samsung_A52_H372_02__x898_y710__t256.png
a48060a3d7eb,data/testing_down/Audorfring/iPhone14_HPC_Audorfring (4).png,Audorfring,test,iPhone 14,12,0,data/tiles/test/Audorfring/Audorfring__iPhone14_HPC_Audorfring (4)__x284_y297__t256.png ; data/tiles/test/Audorfring/Audorfring__iPhone14_HPC_Audorfring (4)__x284_y553__t256.png ; data/tiles/test/Audorfring/Audorfring__iPhone14_HPC_Audorfring (4)__x28_y41__t256.png ; data/tiles/test/Audorfring/Audorfring__iPhone14_HPC_Audorfring (4)__x540_y41__t256.png ; data/tiles/test/Audorfring/Audorfring__iPhone14_HPC_Audorfring (4)__x796_y297__t256.png ; data/tiles/test/Audorfring/Audorfring__iPhone14_HPC_Audorfring (4)__x796_y553__t256.png
a62537dbc50c,data/training_down/H372/Motorola_Edge_H372_03.png,H372,train,Motorola Edge,10,0,data/tiles/train/H372/H372__Motorola_Edge_H372_03__x1066_y16__t256.png ; data/tiles/train/H372/H372__Motorola_Edge_H372_03__x298_y16__t256.png ; data/tiles/train/H372/H372__Motorola_Edge_H372_03__x42_y16__t256.png ; data/tiles/train/H372/H372__Motorola_Edge_H372_03__x42_y272__t256.png ; data/tiles/train/H372/H372__Motorola_Edge_H372_03__x554_y272__t256.png ; data/tiles/train/H372/H372__Motorola_Edge_H372_03__x810_y272__t256.png
a6d5b76ed52b,data/training_down/H181/Motorola_Edge_H181_01.png,H181,train,Motorola Edge,10,0,data/tiles/train/H181/H181__Motorola_Edge_H181_01__x1173_y20__t256.png ; data/tiles/train/H181/H181__Motorola_Edge_H181_01__x149_y20__t256.png ; data/tiles/train/H181/H181__Motorola_Edge_H181_01__x405_y20__t256.png ; data/tiles/train/H181/H181__Motorola_Edge_H181_01__x405_y276__t256.png ; data/tiles/train/H181/H181__Motorola_Edge_H181_01__x661_y276__t256.png ; data/tiles/train/H181/H181__Motorola_Edge_H181_01__x917_y276__t256.png
a78b55e1755a,data/training_down/F827/Samsung_A52_F827_02.png,F827,train,Samsung A52,15,0,data/tiles/train/F827/F827__Samsung_A52_F827_02__x1149_y185__t256.png ; data/tiles/train/F827/F827__Samsung_A52_F827_02__x125_y185__t256.png ; data/tiles/train/F827/F827__Samsung_A52_F827_02__x381_y185__t256.png ; data/tiles/train/F827/F827__Samsung_A52_F827_02__x381_y697__t256.png ; data/tiles/train/F827/F827__Samsung_A52_F827_02__x637_y697__t256.png ; data/tiles/train/F827/F827__Samsung_A52_F827_02__x893_y697__t256.png
a85c9519725c,data/training_down/G190/Samsung_A52_G190_03.png,G190,train,Samsung A52,15,0,data/tiles/train/G190/G190__Samsung_A52_G190_03__x1102_y218__t256.png ; data/tiles/train/G190/G190__Samsung_A52_G190_03__x334_y218__t256.png ; data/tiles/train/G190/G190__Samsung_A52_G190_03__x590_y218__t256.png ; data/tiles/train/G190/G190__Samsung_A52_G190_03__x590_y730__t256.png ; data/tiles/train/G190/G190__Samsung_A52_G190_03__x78_y730__t256.png ; data/tiles/train/G190/G190__Samsung_A52_G190_03__x846_y730__t256.png
a9251481cfa0,data/training_down/G190/Samsung_A52_G190_02.png,G190,train,Samsung A52,15,0,data/tiles/train/G190/G190__Samsung_A52_G190_02__x1160_y214__t256.png ; data/tiles/train/G190/G190__Samsung_A52_G190_02__x136_y214__t256.png ; data/tiles/train/G190/G190__Samsung_A52_G190_02__x392_y214__t256.png ; data/tiles/train/G190/G190__Samsung_A52_G190_02__x392_y726__t256.png ; data/tiles/train/G190/G190__Samsung_A52_G190_02__x648_y726__t256.png ; data/tiles/train/G190/G190__Samsung_A52_G190_02__x904_y726__t256.png
a9f6f802c202,data/training_down/H668/Motorola_Edge_H668_02.png,H668,train,Motorola Edge,10,0,data/tiles/train/H668/H668__Motorola_Edge_H668_02__x1089_y15__t256.png ; data/tiles/train/H668/H668__Motorola_Edge_H668_02__x321_y15__t256.png ; data/tiles/train/H668/H668__Motorola_Edge_H668_02__x577_y15__t256.png ; data/tiles/train/H668/H668__Motorola_Edge_H668_02__x577_y271__t256.png ; data/tiles/train/H668/H668__Motorola_Edge_H668_02__x65_y271__t256.png ; data/tiles/train/H668/H668__Motorola_Edge_H668_02__x833_y271__t256.png
aa856936df35,data/training_down/H615/Motorola_Edge_H615_01.png,H615,train,Motorola Edge,10,0,data/tiles/train/H615/H615__Motorola_Edge_H615_01__x1078_y19__t256.png ; data/tiles/train/H615/H615__Motorola_Edge_H615_01__x310_y19__t256.png ; data/tiles/train/H615/H615__Motorola_Edge_H615_01__x54_y19__t256.png ; data/tiles/train/H615/H615__Motorola_Edge_H615_01__x54_y275__t256.png ; data/tiles/train/H615/H615__Motorola_Edge_H615_01__x566_y275__t256.png ; data/tiles/train/H615/H615__Motorola_Edge_H615_01__x822_y275__t256.png
afd32dbf04f8,data/training_down/H405/Motorola_Edge_H405_02.png,H405,train,Motorola Edge,10,0,data/tiles/train/H405/H405__Motorola_Edge_H405_02__x1069_y14__t256.png ; data/tiles/train/H405/H405__Motorola_Edge_H405_02__x301_y14__t256.png ; data/tiles/train/H405/H405__Motorola_Edge_H405_02__x45_y14__t256.png ; data/tiles/train/H405/H405__Motorola_Edge_H405_02__x45_y270__t256.png ; data/tiles/train/H405/H405__Motorola_Edge_H405_02__x557_y270__t256.png ; data/tiles/train/H405/H405__Motorola_Edge_H405_02__x813_y270__t256.png
b2e22451f7d6,data/training_down/H493/Motorola_Edge_H493_01.png,H493,train,Motorola Edge,10,0,data/tiles/train/H493/H493__Motorola_Edge_H493_01__x1151_y14__t256.png ; data/tiles/train/H493/H493__Motorola_Edge_H493_01__x127_y14__t256.png ; data/tiles/train/H493/H493__Motorola_Edge_H493_01__x383_y14__t256.png ; data/tiles/train/H493/H493__Motorola_Edge_H493_01__x383_y270__t256.png ; data/tiles/train/H493/H493__Motorola_Edge_H493_01__x639_y270__t256.png ; data/tiles/train/H493/H493__Motorola_Edge_H493_01__x895_y270__t256.png
b3ffbc8e915e,data/training_down/H366/Motorola_Edge_H366_03.png,H366,train,Motorola Edge,10,0,data/tiles/train/H366/H366__Motorola_Edge_H366_03__x1141_y17__t256.png ; data/tiles/train/H366/H366__Motorola_Edge_H366_03__x117_y17__t256.png ; data/tiles/train/H366/H366__Motorola_Edge_H366_03__x373_y17__t256.png ; data/tiles/train/H366/H366__Motorola_Edge_H366_03__x373_y273__t256.png ; data/tiles/train/H366/H366__Motorola_Edge_H366_03__x629_y273__t256.png ; data/tiles/train/H366/H366__Motorola_Edge_H366_03__x885_y273__t256.png
b476b962b6fe,data/training_down/H493/Motorola_Edge_H493_02.png,H493,train,Motorola Edge,10,0,data/tiles/train/H493/H493__Motorola_Edge_H493_02__x1079_y15__t256.png ; data/tiles/train/H493/H493__Motorola_Edge_H493_02__x311_y15__t256.png ; data/tiles/train/H493/H493__Motorola_Edge_H493_02__x55_y15__t256.png ; data/tiles/train/H493/H493__Motorola_Edge_H493_02__x55_y271__t256.png ; data/tiles/train/H493/H493__Motorola_Edge_H493_02__x567_y271__t256.png ; data/tiles/train/H493/H493__Motorola_Edge_H493_02__x823_y271__t256.png
b60a0cda36ff,data/training_down/H405/Motorola_Edge_H405_03.png,H405,train,Motorola Edge,10,0,data/tiles/train/H405/H405__Motorola_Edge_H405_03__x1151_y15__t256.png ; data/tiles/train/H405/H405__Motorola_Edge_H405_03__x127_y15__t256.png ; data/tiles/train/H405/H405__Motorola_Edge_H405_03__x383_y15__t256.png ; data/tiles/train/H405/H405__Motorola_Edge_H405_03__x383_y271__t256.png ; data/tiles/train/H405/H405__Motorola_Edge_H405_03__x639_y271__t256.png ; data/tiles/train/H405/H405__Motorola_Edge_H405_03__x895_y271__t256.png
b6118d68eabe,data/testing_down/Kleinkummerfeld_2_2/iPhone16_HPC_Kleinkummerfeld 2-2 (2).png,Kleinkummerfeld 2-2,test,iPhone 16,12,0,data/tiles/test/Kleinkummerfeld_2_2/Kleinkummerfeld_2_2__iPhone16_HPC_Kleinkummerfeld 2-2 (2)__x27_y24__t256.png ; data/tiles/test/Kleinkummerfeld_2_2/Kleinkummerfeld_2_2__iPhone16_HPC_Kleinkummerfeld 2-2 (2)__x27_y536__t256.png ; data/tiles/test/Kleinkummerfeld_2_2/Kleinkummerfeld_2_2__iPhone16_HPC_Kleinkummerfeld 2-2 (2)__x283_y280__t256.png ; data/tiles/test/Kleinkummerfeld_2_2/Kleinkummerfeld_2_2__iPhone16_HPC_Kleinkummerfeld 2-2 (2)__x539_y280__t256.png ; data/tiles/test/Kleinkummerfeld_2_2/Kleinkummerfeld_2_2__iPhone16_HPC_Kleinkummerfeld 2-2 (2)__x795_y24__t256.png ; data/tiles/test/Kleinkummerfeld_2_2/Kleinkummerfeld_2_2__iPhone16_HPC_Kleinkummerfeld 2-2 (2)__x795_y536__t256.png
b71687f8b3b8,data/training_down/G190/Samsung_A52_G190_01.png,G190,train,Samsung A52,15,0,data/tiles/train/G190/G190__Samsung_A52_G190_01__x1143_y207__t256.png ; data/tiles/train/G190/G190__Samsung_A52_G190_01__x119_y207__t256.png ; data/tiles/train/G190/G190__Samsung_A52_G190_01__x375_y207__t256.png ; data/tiles/train/G190/G190__Samsung_A52_G190_01__x375_y719__t256.png ; data/tiles/train/G190/G190__Samsung_A52_G190_01__x631_y719__t256.png ; data/tiles/train/G190/G190__Samsung_A52_G190_01__x887_y719__t256.png
b8afa493c955,data/training_down/H181/Samsung_A52_H181_01.png,H181,train,Samsung A52,15,0,data/tiles/train/H181/H181__Samsung_A52_H181_01__x1109_y218__t256.png ; data/tiles/train/H181/H181__Samsung_A52_H181_01__x341_y218__t256.png ; data/tiles/train/H181/H181__Samsung_A52_H181_01__x597_y218__t256.png ; data/tiles/train/H181/H181__Samsung_A52_H181_01__x597_y730__t256.png ; data/tiles/train/H181/H181__Samsung_A52_H181_01__x853_y730__t256.png ; data/tiles/train/H181/H181__Samsung_A52_H181_01__x85_y730__t256.png
b9b5a87c5fc3,data/training_down/H030/Samsung_A52_H030_01.png,H030,train,Samsung A52,15,0,data/tiles/train/H030/H030__Samsung_A52_H030_01__x104_y204__t256.png ; data/tiles/train/H030/H030__Samsung_A52_H030_01__x1128_y204__t256.png ; data/tiles/train/H030/H030__Samsung_A52_H030_01__x360_y204__t256.png ; data/tiles/train/H030/H030__Samsung_A52_H030_01__x360_y716__t256.png ; data/tiles/train/H030/H030__Samsung_A52_H030_01__x616_y716__t256.png ; data/tiles/train/H030/H030__Samsung_A52_H030_01__x872_y716__t256.png
c08ff57e342c,data/training_down/H367/Samsung_A52_H367_01.png,H367,train,Samsung A52,15,0,data/tiles/train/H367/H367__Samsung_A52_H367_01__x1103_y194__t256.png ; data/tiles/train/H367/H367__Samsung_A52_H367_01__x335_y194__t256.png ; data/tiles/train/H367/H367__Samsung_A52_H367_01__x591_y194__t256.png ; data/tiles/train/H367/H367__Samsung_A52_H367_01__x591_y706__t256.png ; data/tiles/train/H367/H367__Samsung_A52_H367_01__x79_y706__t256.png ; data/tiles/train/H367/H367__Samsung_A52_H367_01__x847_y706__t256.png
c120f62aa475,data/training_down/H368/Motorola_Edge_H368_03.png,H368,train,Motorola Edge,4,2,data/tiles/train/H368/H368__Motorola_Edge_H368_03__x1243_y113__t256.png ; data/tiles/train/H368/H368__Motorola_Edge_H368_03__x475_y113__t256.png ; data/tiles/train/H368/H368__Motorola_Edge_H368_03__x731_y113__t256.png ; data/tiles/train/H368/H368__Motorola_Edge_H368_03__x987_y113__t256.png ; data/tiles/train/H368/H368__Motorola_Edge_H368_03__x1243_y113__t256.png ; data/tiles/train/H368/H368__Motorola_Edge_H368_03__x475_y113__t256.png
c1f4d51b72db,data/training_down/H493/Motorola_Edge_H493_03.png,H493,train,Motorola Edge,10,0,data/tiles/train/H493/H493__Motorola_Edge_H493_03__x1153_y14__t256.png ; data/tiles/train/H493/H493__Motorola_Edge_H493_03__x129_y14__t256.png ; data/tiles/train/H493/H493__Motorola_Edge_H493_03__x385_y14__t256.png ; data/tiles/train/H493/H493__Motorola_Edge_H493_03__x385_y270__t256.png ; data/tiles/train/H493/H493__Motorola_Edge_H493_03__x641_y270__t256.png ; data/tiles/train/H493/H493__Motorola_Edge_H493_03__x897_y270__t256.png
c2b3241ad565,data/training_down/H374/Motorola_Edge_60_fusion_H374_03.png,H374,train,Motorola Edge 60 Fusion,8,0,data/tiles/train/H374/H374__Motorola_Edge_60_fusion_H374_03__x216_y315__t256.png ; data/tiles/train/H374/H374__Motorola_Edge_60_fusion_H374_03__x216_y59__t256.png ; data/tiles/train/H374/H374__Motorola_Edge_60_fusion_H374_03__x472_y59__t256.png ; data/tiles/train/H374/H374__Motorola_Edge_60_fusion_H374_03__x728_y315__t256.png ; data/tiles/train/H374/H374__Motorola_Edge_60_fusion_H374_03__x984_y315__t256.png ; data/tiles/train/H374/H374__Motorola_Edge_60_fusion_H374_03__x984_y59__t256.png
c2ec10a5d715,data/testing_down/Kleinkummerfeld_9_4/iPhone16_HPC_Kleinkummerfeld 9-4.png,Kleinkummerfeld 9-4,test,iPhone 16,12,0,data/tiles/test/Kleinkummerfeld_9_4/Kleinkummerfeld_9_4__iPhone16_HPC_Kleinkummerfeld 9-4__x285_y292__t256.png ; data/tiles/test/Kleinkummerfeld_9_4/Kleinkummerfeld_9_4__iPhone16_HPC_Kleinkummerfeld 9-4__x285_y548__t256.png ; data/tiles/test/Kleinkummerfeld_9_4/Kleinkummerfeld_9_4__iPhone16_HPC_Kleinkummerfeld 9-4__x29_y36__t256.png ; data/tiles/test/Kleinkummerfeld_9_4/Kleinkummerfeld_9_4__iPhone16_HPC_Kleinkummerfeld 9-4__x541_y36__t256.png ; data/tiles/test/Kleinkummerfeld_9_4/Kleinkummerfeld_9_4__iPhone16_HPC_Kleinkummerfeld 9-4__x797_y292__t256.png ; data/tiles/test/Kleinkummerfeld_9_4/Kleinkummerfeld_9_4__iPhone16_HPC_Kleinkummerfeld 9-4__x797_y548__t256.png
c33cdaf4e302,data/training_down/H030/Motorola_Edge_H030_03.png,H030,train,Motorola Edge,10,0,data/tiles/train/H030/H030__Motorola_Edge_H030_03__x1168_y15__t256.png ; data/tiles/train/H030/H030__Motorola_Edge_H030_03__x144_y15__t256.png ; data/tiles/train/H030/H030__Motorola_Edge_H030_03__x400_y15__t256.png ; data/tiles/train/H030/H030__Motorola_Edge_H030_03__x400_y271__t256.png ; data/tiles/train/H030/H030__Motorola_Edge_H030_03__x656_y271__t256.png ; data/tiles/train/H030/H030__Motorola_Edge_H030_03__x912_y271__t256.png
c9e2264a0863,data/testing_down/Kleinkummerfeld_9_4/iPhone16_HPC_Kleinkummerfeld 9-4 (2).png,Kleinkummerfeld 9-4,test,iPhone 16,12,0,data/tiles/test/Kleinkummerfeld_9_4/Kleinkummerfeld_9_4__iPhone16_HPC_Kleinkummerfeld 9-4 (2)__x286_y309__t256.png ; data/tiles/test/Kleinkummerfeld_9_4/Kleinkummerfeld_9_4__iPhone16_HPC_Kleinkummerfeld 9-4 (2)__x286_y565__t256.png ; data/tiles/test/Kleinkummerfeld_9_4/Kleinkummerfeld_9_4__iPhone16_HPC_Kleinkummerfeld 9-4 (2)__x30_y53__t256.png ; data/tiles/test/Kleinkummerfeld_9_4/Kleinkummerfeld_9_4__iPhone16_HPC_Kleinkummerfeld 9-4 (2)__x542_y53__t256.png ; data/tiles/test/Kleinkummerfeld_9_4/Kleinkummerfeld_9_4__iPhone16_HPC_Kleinkummerfeld 9-4 (2)__x798_y309__t256.png ; data/tiles/test/Kleinkummerfeld_9_4/Kleinkummerfeld_9_4__iPhone16_HPC_Kleinkummerfeld 9-4 (2)__x798_y565__t256.png
cca0f0b41ece,data/training_down/H371/Motorola_Edge_H371_02.png,H371,train,Motorola Edge,10,0,data/tiles/train/H371/H371__Motorola_Edge_H371_02__x1062_y20__t256.png ; data/tiles/train/H371/H371__Motorola_Edge_H371_02__x294_y20__t256.png ; data/tiles/train/H371/H371__Motorola_Edge_H371_02__x38_y20__t256.png ; data/tiles/train/H371/H371__Motorola_Edge_H371_02__x38_y276__t256.png ; data/tiles/train/H371/H371__Motorola_Edge_H371_02__x550_y276__t256.png ; data/tiles/train/H371/H371__Motorola_Edge_H371_02__x806_y276__t256.png
cd0af426b9d7,data/training_down/H549/Samsung_A52_H549_02.png,H549,train,Samsung A52,15,0,data/tiles/train/H549/H549__Samsung_A52_H549_02__x1109_y225__t256.png ; data/tiles/train/H549/H549__Samsung_A52_H549_02__x341_y225__t256.png ; data/tiles/train/H549/H549__Samsung_A52_H549_02__x597_y225__t256.png ; data/tiles/train/H549/H549__Samsung_A52_H549_02__x597_y737__t256.png ; data/tiles/train/H549/H549__Samsung_A52_H549_02__x853_y737__t256.png ; data/tiles/train/H549/H549__Samsung_A52_H549_02__x85_y737__t256.png
cd0f31512270,data/testing_down/Airbus_BS12_5bis8/iPhone16_HPC_Airbus BS12-5bis8 (4).png,Airbus BS12-5bis8,test,iPhone 16,12,0,data/tiles/test/Airbus_BS12_5bis8/Airbus_BS12_5bis8__iPhone16_HPC_Airbus BS12-5bis8 (4)__x27_y301__t256.png ; data/tiles/test/Airbus_BS12_5bis8/Airbus_BS12_5bis8__iPhone16_HPC_Airbus BS12-5bis8 (4)__x27_y557__t256.png ; data/tiles/test/Airbus_BS12_5bis8/Airbus_BS12_5bis8__iPhone16_HPC_Airbus BS12-5bis8 (4)__x283_y45__t256.png ; data/tiles/test/Airbus_BS12_5bis8/Airbus_BS12_5bis8__iPhone16_HPC_Airbus BS12-5bis8 (4)__x539_y45__t256.png ; data/tiles/test/Airbus_BS12_5bis8/Airbus_BS12_5bis8__iPhone16_HPC_Airbus BS12-5bis8 (4)__x795_y301__t256.png ; data/tiles/test/Airbus_BS12_5bis8/Airbus_BS12_5bis8__iPhone16_HPC_Airbus BS12-5bis8 (4)__x795_y557__t256.png
cfcc3c8e6ffc,data/training_down/H366/Motorola_Edge_H366_04.png,H366,train,Motorola Edge,10,0,data/tiles/train/H366/H366__Motorola_Edge_H366_04__x1056_y19__t256.png ; data/tiles/train/H366/H366__Motorola_Edge_H366_04__x288_y19__t256.png ; data/tiles/train/H366/H366__Motorola_Edge_H366_04__x32_y19__t256.png ; data/tiles/train/H366/H366__Motorola_Edge_H366_04__x32_y275__t256.png ; data/tiles/train/H366/H366__Motorola_Edge_H366_04__x544_y275__t256.png ; data/tiles/train/H366/H366__Motorola_Edge_H366_04__x800_y275__t256.png
d4c07f21c1e1,data/training_down/H183/Samsung_A52_H183_01.png,H183,train,Samsung A52,15,0,data/tiles/train/H183/H183__Samsung_A52_H183_01__x101_y193__t256.png ; data/tiles/train/H183/H183__Samsung_A52_H183_01__x1125_y193__t256.png ; data/tiles/train/H183/H183__Samsung_A52_H183_01__x357_y193__t256.png ; data/tiles/train/H183/H183__Samsung_A52_H183_01__x357_y705__t256.png ; data/tiles/train/H183/H183__Samsung_A52_H183_01__x613_y705__t256.png ; data/tiles/train/H183/H183__Samsung_A52_H183_01__x869_y705__t256.png
d5408970beca,data/training_down/H181/Samsung_A52_H181_02.png,H181,train,Samsung A52,15,0,data/tiles/train/H181/H181__Samsung_A52_H181_02__x1116_y173__t256.png ; data/tiles/train/H181/H181__Samsung_A52_H181_02__x348_y173__t256.png ; data/tiles/train/H181/H181__Samsung_A52_H181_02__x604_y173__t256.png ; data/tiles/train/H181/H181__Samsung_A52_H181_02__x604_y685__t256.png ; data/tiles/train/H181/H181__Samsung_A52_H181_02__x860_y685__t256.png ; data/tiles/train/H181/H181__Samsung_A52_H181_02__x92_y685__t256.png
d90016b457ab,data/training_down/H516/Motorola_Edge_H516_01.png,H516,train,Motorola Edge,10,0,data/tiles/train/H516/H516__Motorola_Edge_H516_01__x1064_y17__t256.png ; data/tiles/train/H516/H516__Motorola_Edge_H516_01__x296_y17__t256.png ; data/tiles/train/H516/H516__Motorola_Edge_H516_01__x40_y17__t256.png ; data/tiles/train/H516/H516__Motorola_Edge_H516_01__x40_y273__t256.png ; data/tiles/train/H516/H516__Motorola_Edge_H516_01__x552_y273__t256.png ; data/tiles/train/H516/H516__Motorola_Edge_H516_01__x808_y273__t256.png
db6060688f1e,data/training_down/H030/Samsung_A52_H030_03.png,H030,train,Samsung A52,15,0,data/tiles/train/H030/H030__Samsung_A52_H030_03__x111_y212__t256.png ; data/tiles/train/H030/H030__Samsung_A52_H030_03__x1135_y212__t256.png ; data/tiles/train/H030/H030__Samsung_A52_H030_03__x367_y212__t256.png ; data/tiles/train/H030/H030__Samsung_A52_H030_03__x367_y724__t256.png ; data/tiles/train/H030/H030__Samsung_A52_H030_03__x623_y724__t256.png ; data/tiles/train/H030/H030__Samsung_A52_H030_03__x879_y724__t256.png
dbfdcc39d81e,data/testing_down/Kleinkummerfeld_18_3/iPhone16_HPC_Kleinkummerfeld 18-3 (1).png,Kleinkummerfeld 18-3,test,iPhone 16,12,0,data/tiles/test/Kleinkummerfeld_18_3/Kleinkummerfeld_18_3__iPhone16_HPC_Kleinkummerfeld 18-3 (1)__x284_y302__t256.png ; data/tiles/test/Kleinkummerfeld_18_3/Kleinkummerfeld_18_3__iPhone16_HPC_Kleinkummerfeld 18-3 (1)__x284_y558__t256.png ; data/tiles/test/Kleinkummerfeld_18_3/Kleinkummerfeld_18_3__iPhone16_HPC_Kleinkummerfeld 18-3 (1)__x28_y46__t256.png ; data/tiles/test/Kleinkummerfeld_18_3/Kleinkummerfeld_18_3__iPhone16_HPC_Kleinkummerfeld 18-3 (1)__x540_y46__t256.png ; data/tiles/test/Kleinkummerfeld_18_3/Kleinkummerfeld_18_3__iPhone16_HPC_Kleinkummerfeld 18-3 (1)__x796_y302__t256.png ; data/tiles/test/Kleinkummerfeld_18_3/Kleinkummerfeld_18_3__iPhone16_HPC_Kleinkummerfeld 18-3 (1)__x796_y558__t256.png
dc73b628447f,data/training_down/H372/Motorola_Edge_H372_02.png,H372,train,Motorola Edge,10,0,data/tiles/train/H372/H372__Motorola_Edge_H372_02__x1071_y18__t256.png ; data/tiles/train/H372/H372__Motorola_Edge_H372_02__x303_y18__t256.png ; data/tiles/train/H372/H372__Motorola_Edge_H372_02__x47_y18__t256.png ; data/tiles/train/H372/H372__Motorola_Edge_H372_02__x47_y274__t256.png ; data/tiles/train/H372/H372__Motorola_Edge_H372_02__x559_y274__t256.png ; data/tiles/train/H372/H372__Motorola_Edge_H372_02__x815_y274__t256.png
dd16f8bc9be7,data/training_down/H367/Motorola_Edge_H367_01.png,H367,train,Motorola Edge,10,0,data/tiles/train/H367/H367__Motorola_Edge_H367_01__x1064_y16__t256.png ; data/tiles/train/H367/H367__Motorola_Edge_H367_01__x296_y16__t256.png ; data/tiles/train/H367/H367__Motorola_Edge_H367_01__x40_y16__t256.png ; data/tiles/train/H367/H367__Motorola_Edge_H367_01__x40_y272__t256.png ; data/tiles/train/H367/H367__Motorola_Edge_H367_01__x552_y272__t256.png ; data/tiles/train/H367/H367__Motorola_Edge_H367_01__x808_y272__t256.png
dda188e00001,data/training_down/H493/Samsung_A52_H493_01.png,H493,train,Samsung A52,15,0,data/tiles/train/H493/H493__Samsung_A52_H493_01__x1119_y210__t256.png ; data/tiles/train/H493/H493__Samsung_A52_H493_01__x351_y210__t256.png ; data/tiles/train/H493/H493__Samsung_A52_H493_01__x607_y210__t256.png ; data/tiles/train/H493/H493__Samsung_A52_H493_01__x607_y722__t256.png ; data/tiles/train/H493/H493__Samsung_A52_H493_01__x863_y722__t256.png ; data/tiles/train/H493/H493__Samsung_A52_H493_01__x95_y722__t256.png
df09715bd5b4,data/training_down/H181/Motorola_Edge_H181_04.png,H181,train,Motorola Edge,10,0,data/tiles/train/H181/H181__Motorola_Edge_H181_04__x1077_y17__t256.png ; data/tiles/train/H181/H181__Motorola_Edge_H181_04__x309_y17__t256.png ; data/tiles/train/H181/H181__Motorola_Edge_H181_04__x53_y17__t256.png ; data/tiles/train/H181/H181__Motorola_Edge_H181_04__x53_y273__t256.png ; data/tiles/train/H181/H181__Motorola_Edge_H181_04__x565_y273__t256.png ; data/tiles/train/H181/H181__Motorola_Edge_H181_04__x821_y273__t256.png
df683aed69cb,data/training_down/H038/Samsung_A52_H038_05.png,H038,train,Samsung A52,15,0,data/tiles/train/H038/H038__Samsung_A52_H038_05__x1111_y205__t256.png ; data/tiles/train/H038/H038__Samsung_A52_H038_05__x343_y205__t256.png ; data/tiles/train/H038/H038__Samsung_A52_H038_05__x599_y205__t256.png ; data/tiles/train/H038/H038__Samsung_A52_H038_05__x599_y717__t256.png ; data/tiles/train/H038/H038__Samsung_A52_H038_05__x855_y717__t256.png ; data/tiles/train/H038/H038__Samsung_A52_H038_05__x87_y717__t256.png
e0c18a49d006,data/training_down/H038/Samsung_A52_H038_04.png,H038,train,Samsung A52,15,0,data/tiles/train/H038/H038__Samsung_A52_H038_04__x1107_y155__t256.png ; data/tiles/train/H038/H038__Samsung_A52_H038_04__x339_y155__t256.png ; data/tiles/train/H038/H038__Samsung_A52_H038_04__x595_y155__t256.png ; data/tiles/train/H038/H038__Samsung_A52_H038_04__x595_y667__t256.png ; data/tiles/train/H038/H038__Samsung_A52_H038_04__x83_y667__t256.png ; data/tiles/train/H038/H038__Samsung_A52_H038_04__x851_y667__t256.png
e1d4ef7e95f5,data/testing_down/Kleinkummerfeld_2_3/iPhone16_HPC_Kleinkummerfeld 2-3 (2).png,Kleinkummerfeld 2-3,test,iPhone 16,12,0,data/tiles/test/Kleinkummerfeld_2_3/Kleinkummerfeld_2_3__iPhone16_HPC_Kleinkummerfeld 2-3 (2)__x284_y302__t256.png ; data/tiles/test/Kleinkummerfeld_2_3/Kleinkummerfeld_2_3__iPhone16_HPC_Kleinkummerfeld 2-3 (2)__x284_y558__t256.png ; data/tiles/test/Kleinkummerfeld_2_3/Kleinkummerfeld_2_3__iPhone16_HPC_Kleinkummerfeld 2-3 (2)__x28_y46__t256.png ; data/tiles/test/Kleinkummerfeld_2_3/Kleinkummerfeld_2_3__iPhone16_HPC_Kleinkummerfeld 2-3 (2)__x540_y46__t256.png ; data/tiles/test/Kleinkummerfeld_2_3/Kleinkummerfeld_2_3__iPhone16_HPC_Kleinkummerfeld 2-3 (2)__x796_y302__t256.png ; data/tiles/test/Kleinkummerfeld_2_3/Kleinkummerfeld_2_3__iPhone16_HPC_Kleinkummerfeld 2-3 (2)__x796_y558__t256.png
e2fb7eb2f6a4,data/training_down/G190/Motorola_Edge_G190_01.png,G190,train,Motorola Edge,10,0,data/tiles/train/G190/G190__Motorola_Edge_G190_01__x1068_y15__t256.png ; data/tiles/train/G190/G190__Motorola_Edge_G190_01__x300_y15__t256.png ; data/tiles/train/G190/G190__Motorola_Edge_G190_01__x44_y15__t256.png ; data/tiles/train/G190/G190__Motorola_Edge_G190_01__x44_y271__t256.png ; data/tiles/train/G190/G190__Motorola_Edge_G190_01__x556_y271__t256.png ; data/tiles/train/G190/G190__Motorola_Edge_G190_01__x812_y271__t256.png
e30445c36151,data/training_down/H038/Motorola_Edge_H038_02.png,H038,train,Motorola Edge,10,0,data/tiles/train/H038/H038__Motorola_Edge_H038_02__x1057_y14__t256.png ; data/tiles/train/H038/H038__Motorola_Edge_H038_02__x289_y14__t256.png ; data/tiles/train/H038/H038__Motorola_Edge_H038_02__x33_y14__t256.png ; data/tiles/train/H038/H038__Motorola_Edge_H038_02__x33_y270__t256.png ; data/tiles/train/H038/H038__Motorola_Edge_H038_02__x545_y270__t256.png ; data/tiles/train/H038/H038__Motorola_Edge_H038_02__x801_y270__t256.png
e6a9e50c84ef,data/training_down/H367/Motorola_Edge_H367_02.png,H367,train,Motorola Edge,10,0,data/tiles/train/H367/H367__Motorola_Edge_H367_02__x1066_y19__t256.png ; data/tiles/train/H367/H367__Motorola_Edge_H367_02__x298_y19__t256.png ; data/tiles/train/H367/H367__Motorola_Edge_H367_02__x42_y19__t256.png ; data/tiles/train/H367/H367__Motorola_Edge_H367_02__x42_y275__t256.png ; data/tiles/train/H367/H367__Motorola_Edge_H367_02__x554_y275__t256.png ; data/tiles/train/H367/H367__Motorola_Edge_H367_02__x810_y275__t256.png
e7e2e84ff3d4,data/training_down/H368/Motorola_Edge_H368_01.png,H368,train,Motorola Edge,10,0,data/tiles/train/H368/H368__Motorola_Edge_H368_01__x1179_y17__t256.png ; data/tiles/train/H368/H368__Motorola_Edge_H368_01__x155_y17__t256.png ; data/tiles/train/H368/H368__Motorola_Edge_H368_01__x411_y17__t256.png ; data/tiles/train/H368/H368__Motorola_Edge_H368_01__x411_y273__t256.png ; data/tiles/train/H368/H368__Motorola_Edge_H368_01__x667_y273__t256.png ; data/tiles/train/H368/H368__Motorola_Edge_H368_01__x923_y273__t256.png
e90302ff2af6,data/testing_down/Airbus_BS10_4bis7/iPhone16_HPC_Airbus BS10-4bis7 (2).png,Airbus BS10-4bis7,test,iPhone 16,12,0,data/tiles/test/Airbus_BS10_4bis7/Airbus_BS10_4bis7__iPhone16_HPC_Airbus BS10-4bis7 (2)__x284_y293__t256.png ; data/tiles/test/Airbus_BS10_4bis7/Airbus_BS10_4bis7__iPhone16_HPC_Airbus BS10-4bis7 (2)__x284_y549__t256.png ; data/tiles/test/Airbus_BS10_4bis7/Airbus_BS10_4bis7__iPhone16_HPC_Airbus BS10-4bis7 (2)__x28_y37__t256.png ; data/tiles/test/Airbus_BS10_4bis7/Airbus_BS10_4bis7__iPhone16_HPC_Airbus BS10-4bis7 (2)__x540_y37__t256.png ; data/tiles/test/Airbus_BS10_4bis7/Airbus_BS10_4bis7__iPhone16_HPC_Airbus BS10-4bis7 (2)__x796_y293__t256.png ; data/tiles/test/Airbus_BS10_4bis7/Airbus_BS10_4bis7__iPhone16_HPC_Airbus BS10-4bis7 (2)__x796_y549__t256.png
e9ab5366f5b9,data/training_down/H183/Motorola_Edge_H183_02.png,H183,train,Motorola Edge,10,0,data/tiles/train/H183/H183__Motorola_Edge_H183_02__x1073_y19__t256.png ; data/tiles/train/H183/H183__Motorola_Edge_H183_02__x305_y19__t256.png ; data/tiles/train/H183/H183__Motorola_Edge_H183_02__x49_y19__t256.png ; data/tiles/train/H183/H183__Motorola_Edge_H183_02__x49_y275__t256.png ; data/tiles/train/H183/H183__Motorola_Edge_H183_02__x561_y275__t256.png ; data/tiles/train/H183/H183__Motorola_Edge_H183_02__x817_y275__t256.png
ebc37e623414,data/training_down/H405/Samsung_A52_H405_02.png,H405,train,Samsung A52,15,0,data/tiles/train/H405/H405__Samsung_A52_H405_02__x1113_y217__t256.png ; data/tiles/train/H405/H405__Samsung_A52_H405_02__x345_y217__t256.png ; data/tiles/train/H405/H405__Samsung_A52_H405_02__x601_y217__t256.png ; data/tiles/train/H405/H405__Samsung_A52_H405_02__x601_y729__t256.png ; data/tiles/train/H405/H405__Samsung_A52_H405_02__x857_y729__t256.png ; data/tiles/train/H405/H405__Samsung_A52_H405_02__x89_y729__t256.png
ecdd1f3a39e1,data/training_down/H371/Motorola_Edge_H371_01.png,H371,train,Motorola Edge,10,0,data/tiles/train/H371/H371__Motorola_Edge_H371_01__x1061_y16__t256.png ; data/tiles/train/H371/H371__Motorola_Edge_H371_01__x293_y16__t256.png ; data/tiles/train/H371/H371__Motorola_Edge_H371_01__x37_y16__t256.png ; data/tiles/train/H371/H371__Motorola_Edge_H371_01__x37_y272__t256.png ; data/tiles/train/H371/H371__Motorola_Edge_H371_01__x549_y272__t256.png ; data/tiles/train/H371/H371__Motorola_Edge_H371_01__x805_y272__t256.png
edeecdea0549,data/training_down/H516/Samsung_A52_H516_01.png,H516,train,Samsung A52,15,0,data/tiles/train/H516/H516__Samsung_A52_H516_01__x1108_y216__t256.png ; data/tiles/train/H516/H516__Samsung_A52_H516_01__x340_y216__t256.png ; data/tiles/train/H516/H516__Samsung_A52_H516_01__x596_y216__t256.png ; data/tiles/train/H516/H516__Samsung_A52_H516_01__x596_y728__t256.png ; data/tiles/train/H516/H516__Samsung_A52_H516_01__x84_y728__t256.png ; data/tiles/train/H516/H516__Samsung_A52_H516_01__x852_y728__t256.png
efb6cb5bab7b,data/training_down/H030/Motorola_Edge_H030_02.png,H030,train,Motorola Edge,10,0,data/tiles/train/H030/H030__Motorola_Edge_H030_02__x1065_y14__t256.png ; data/tiles/train/H030/H030__Motorola_Edge_H030_02__x297_y14__t256.png ; data/tiles/train/H030/H030__Motorola_Edge_H030_02__x41_y14__t256.png ; data/tiles/train/H030/H030__Motorola_Edge_H030_02__x41_y270__t256.png ; data/tiles/train/H030/H030__Motorola_Edge_H030_02__x553_y270__t256.png ; data/tiles/train/H030/H030__Motorola_Edge_H030_02__x809_y270__t256.png
eff1ab1cbca6,data/training_down/H183/Motorola_Edge_H183_03.png,H183,train,Motorola Edge,10,0,data/tiles/train/H183/H183__Motorola_Edge_H183_03__x1140_y15__t256.png ; data/tiles/train/H183/H183__Motorola_Edge_H183_03__x116_y15__t256.png ; data/tiles/train/H183/H183__Motorola_Edge_H183_03__x372_y15__t256.png ; data/tiles/train/H183/H183__Motorola_Edge_H183_03__x372_y271__t256.png ; data/tiles/train/H183/H183__Motorola_Edge_H183_03__x628_y271__t256.png ; data/tiles/train/H183/H183__Motorola_Edge_H183_03__x884_y271__t256.png
f4561a9281d0,"data/testing_down/Muenster_BS6_9_0_10m/iPhone14_HPC_Münster_BS6_9,0-10m (5).png","Münster_BS6_9,0-10m",test,iPhone 14,5,1,"data/tiles/test/Muenster_BS6_9_0_10m/Muenster_BS6_9_0_10m__iPhone14_HPC_Münster_BS6_9,0-10m (5)__x1024_y0__t256.png ; data/tiles/test/Muenster_BS6_9_0_10m/Muenster_BS6_9_0_10m__iPhone14_HPC_Münster_BS6_9,0-10m (5)__x256_y512__t256.png ; data/tiles/test/Muenster_BS6_9_0_10m/Muenster_BS6_9_0_10m__iPhone14_HPC_Münster_BS6_9,0-10m (5)__x512_y0__t256.png ; data/tiles/test/Muenster_BS6_9_0_10m/Muenster_BS6_9_0_10m__iPhone14_HPC_Münster_BS6_9,0-10m (5)__x512_y512__t256.png ; data/tiles/test/Muenster_BS6_9_0_10m/Muenster_BS6_9_0_10m__iPhone14_HPC_Münster_BS6_9,0-10m (5)__x768_y0__t256.png ; data/tiles/test/Muenster_BS6_9_0_10m/Muenster_BS6_9_0_10m__iPhone14_HPC_Münster_BS6_9,0-10m (5)__x1024_y0__t256.png"
f48655486732,data/training_down/H405/Samsung_A52_H405_03.png,H405,train,Samsung A52,15,0,data/tiles/train/H405/H405__Samsung_A52_H405_03__x1115_y215__t256.png ; data/tiles/train/H405/H405__Samsung_A52_H405_03__x347_y215__t256.png ; data/tiles/train/H405/H405__Samsung_A52_H405_03__x603_y215__t256.png ; data/tiles/train/H405/H405__Samsung_A52_H405_03__x603_y727__t256.png ; data/tiles/train/H405/H405__Samsung_A52_H405_03__x859_y727__t256.png ; data/tiles/train/H405/H405__Samsung_A52_H405_03__x91_y727__t256.png
f5292b43888f,data/testing_down/Kleinkummerfeld_2_2/iPhone16_HPC_Kleinkummerfeld 2-2 (4).png,Kleinkummerfeld 2-2,test,iPhone 16,12,0,data/tiles/test/Kleinkummerfeld_2_2/Kleinkummerfeld_2_2__iPhone16_HPC_Kleinkummerfeld 2-2 (4)__x285_y300__t256.png ; data/tiles/test/Kleinkummerfeld_2_2/Kleinkummerfeld_2_2__iPhone16_HPC_Kleinkummerfeld 2-2 (4)__x285_y556__t256.png ; data/tiles/test/Kleinkummerfeld_2_2/Kleinkummerfeld_2_2__iPhone16_HPC_Kleinkummerfeld 2-2 (4)__x29_y44__t256.png ; data/tiles/test/Kleinkummerfeld_2_2/Kleinkummerfeld_2_2__iPhone16_HPC_Kleinkummerfeld 2-2 (4)__x541_y44__t256.png ; data/tiles/test/Kleinkummerfeld_2_2/Kleinkummerfeld_2_2__iPhone16_HPC_Kleinkummerfeld 2-2 (4)__x797_y300__t256.png ; data/tiles/test/Kleinkummerfeld_2_2/Kleinkummerfeld_2_2__iPhone16_HPC_Kleinkummerfeld 2-2 (4)__x797_y556__t256.png
f8db85631843,data/training_down/H183/Samsung_A52_H183_02.png,H183,train,Samsung A52,15,0,data/tiles/train/H183/H183__Samsung_A52_H183_02__x102_y180__t256.png ; data/tiles/train/H183/H183__Samsung_A52_H183_02__x1126_y180__t256.png ; data/tiles/train/H183/H183__Samsung_A52_H183_02__x358_y180__t256.png ; data/tiles/train/H183/H183__Samsung_A52_H183_02__x358_y692__t256.png ; data/tiles/train/H183/H183__Samsung_A52_H183_02__x614_y692__t256.png ; data/tiles/train/H183/H183__Samsung_A52_H183_02__x870_y692__t256.png
f903d1aa3703,data/training_down/H516/Motorola_Edge_H516_02.png,H516,train,Motorola Edge,10,0,data/tiles/train/H516/H516__Motorola_Edge_H516_02__x1065_y16__t256.png ; data/tiles/train/H516/H516__Motorola_Edge_H516_02__x297_y16__t256.png ; data/tiles/train/H516/H516__Motorola_Edge_H516_02__x41_y16__t256.png ; data/tiles/train/H516/H516__Motorola_Edge_H516_02__x41_y272__t256.png ; data/tiles/train/H516/H516__Motorola_Edge_H516_02__x553_y272__t256.png ; data/tiles/train/H516/H516__Motorola_Edge_H516_02__x809_y272__t256.png
